=> 1 of 401: Invalid QmPk63861E1DUwBrgaV4guQACrnhGM7NnyZGd7VHn2m8q5 0x8445165437cb63affb2f143378d0ec63e0249582 1583423166422 [131,18]
=> 2 of 401: Invalid QmXbsxSJrtpBKRvwaxupHRD2AjBr4cRBMfctZd8ecLzbdN 0x8d4a025f44c0fc80e0647cf8480f9c937e059b23 1583389964607 [149,-40]
=> 3 of 401: Invalid QmYVFDkBukFv1CUivEE8gExpFUAMwJ5a3KFnxQDiUxYZXK 0xa7c825bb8c2c4d18288af8efe38c8bf75a1aab51 1583375184237 [-75,71,-75,72,-75,73,-75,74,-75,75,-75,76,-75,77,-75,78,-76,76,-76,77,-76,78,-77,76,-78,76,-79,76,-80,74,-80,75,-80,76,-80,77,-80,78]
=> 4 of 401: Invalid QmTNdiQwcQm7DZKJmw7zKX6BqZjYpfLewXsGnEqJm9MUzV 0xa7c825bb8c2c4d18288af8efe38c8bf75a1aab51 1583372428035 [-75,71,-75,72,-75,73,-75,74,-75,75,-75,76,-75,77,-75,78,-76,76,-76,77,-76,78,-77,76,-78,76,-79,76,-80,74,-80,75,-80,76,-80,77,-80,78]
=> 5 of 401: Invalid QmQBfhHGR3LnFyYAYWCAHRo28mNkFn3qogY9Yrdabb7Nqh 0xa7c825bb8c2c4d18288af8efe38c8bf75a1aab51 1583362756434 [-75,71,-75,72,-75,73,-75,74,-75,75,-75,76,-75,77,-75,78,-76,76,-76,77,-76,78,-77,76,-78,76,-79,76,-80,74,-80,75,-80,76,-80,77,-80,78]
=> 7 of 401: Invalid QmdXGvYJHJsdYGo8HQBSMtWPpfsQdiK5H2MX4Wn1upza7c 0xa7c825bb8c2c4d18288af8efe38c8bf75a1aab51 1583356994536 [-75,71,-75,72,-75,73,-75,74,-75,75,-75,76,-75,77,-75,78,-76,76,-76,77,-76,78,-77,76,-78,76,-79,76,-80,74,-80,75,-80,76,-80,77,-80,78]
=> 10 of 401: Invalid QmWQSNuPvFG2dsMNXNfBvfvJippht326mCvbrpCHcvmvZN 0x7D8391A9d2199B3aFA76e7824164503Bb2fCc4Bd 1583304107111 [35,-71,35,-70,35,-69,35,-68,36,-71,36,-70,36,-69,36,-68,37,-71,37,-70,37,-69,37,-68]
=> 11 of 401: Invalid QmSFEapvg46DWiiUhUfQvzryXjR4VCBLun6dfevCSYdRCc 0x7D8391A9d2199B3aFA76e7824164503Bb2fCc4Bd 1583303071773 [35,-71,35,-70,35,-69,35,-68,36,-71,36,-70,36,-69,36,-68,37,-71,37,-70,37,-69,37,-68]
=> 12 of 401: Invalid QmQwsGGSrJk2mPAM8hZe71mxbTpC8344aoVXHxigW2Eqgt 0x7D8391A9d2199B3aFA76e7824164503Bb2fCc4Bd 1583302183313 [35,-71,35,-70,35,-69,35,-68,36,-71,36,-70,36,-69,36,-68,37,-71,37,-70,37,-69,37,-68]
=> 13 of 401: Invalid QmVQM4rdfNDwEmgvvj8KbfsXrzYyWwKoPawqpUAvKsMQRj 0xD55a6eeA9947ADfee9cadBFfEDEaDE3283fefE22 1583269838525 [-5,-128,-5,-127,-4,-128,-4,-127]
=> 14 of 401: Invalid QmPGSFPYXPwqfrCHFJoZ5YgvH5G2q8Vyvp1CjSPLfKf8ww 0x7979dbb8001e49561dda0d9731d86250f71d8014 1583241331526 [-84,14,-84,15,-84,16,-84,17,-84,18,-84,19,-83,14,-83,15,-83,16,-83,17,-83,18,-83,19,-82,14,-82,15,-82,16,-82,17,-82,18,-82,19,-81,14,-81,15,-81,16,-81,17,-81,18,-81,19,-80,14,-80,15,-80,16,-80,17,-80,18,-80,19]
=> 20 of 401: Invalid QmPGFgmZPqSKnYuGgQP1fLrmLEwX5a4zviGxvwQbzaNtQk 0xa7c825bb8c2c4d18288af8efe38c8bf75a1aab51 1583094634448 [-75,71,-75,72,-75,73,-75,74,-75,75,-75,76,-75,77,-75,78,-76,76,-76,77,-76,78,-77,76,-78,76,-79,76,-80,74,-80,75,-80,76,-80,77,-80,78]
=> 21 of 401: Invalid QmXoViMxt1kCZna8QMS189TGViYeWC5HYRSnANJDRQgB5z 0xAaBe0ecFaf9e028d63cf7ea7E772CF52d662691A 1583092201693 [-141,-81]
=> 22 of 401: Invalid QmXqvLXMbqP6n2BfEa1VhMRYvJn9BNXtPx6riUmnRPK8eB 0xAaBe0ecFaf9e028d63cf7ea7E772CF52d662691A 1583092093297 [-141,-81]
=> 27 of 401: Invalid QmNooeWorXgjkzaR4ncv2KSsSZUghUZ3wAqFGxZ5HujAco 0xa1596e5841000bee04238f119e918b02ea6ec47b 1582932797605 [1,108,1,109,1,110,1,111,2,108,2,109,2,110,2,111,3,108,3,109,3,110,3,111]
=> 28 of 401: Invalid QmQNSNWqGL2YGiZgJGJK5U7jixSsBZeCbqHCd8RhXfi3Te 0xa1596e5841000bee04238f119e918b02ea6ec47b 1582932460008 [1,108,1,109,1,110,1,111,2,108,2,109,2,110,2,111,3,108,3,109,3,110,3,111]
=> 29 of 401: Invalid QmeXZkh56kt4CkkJzu7qnmk1BSWjfM98JyhP9rSdpUny35 0xa1596e5841000bee04238f119e918b02ea6ec47b 1582931727851 [1,108,1,109,1,110,1,111,2,108,2,109,2,110,2,111,3,108,3,109,3,110,3,111]
=> 30 of 401: Invalid QmRkyfXW9oTQfd31V5TEctAwzZNd3YuPAR7xNNZYaUBd8f 0xa1596e5841000bee04238f119e918b02ea6ec47b 1582931604678 [1,108,1,109,1,110,1,111,2,108,2,109,2,110,2,111,3,108,3,109,3,110,3,111]
=> 31 of 401: Invalid QmbidUtJbbu2CJ52GHMYavQtFPYSC8ebwUeHkiK741xZxE 0xa1596e5841000bee04238f119e918b02ea6ec47b 1582930842378 [1,108,1,109,1,110,1,111,2,108,2,109,2,110,2,111,3,108,3,109,3,110,3,111]
=> 32 of 401: Invalid QmYA2mkQUcVdfy47bmUruB1NtgxJqcoGq97njkURUUjyWT 0xa1596e5841000bee04238f119e918b02ea6ec47b 1582929136315 [1,108,1,109,1,110,1,111,2,108,2,109,2,110,2,111,3,108,3,109,3,110,3,111]
=> 33 of 401: Invalid QmbmoX87Dk873XpHcRFz79cPBjDmUfAdMc5gUD7WLgrrxX 0xAaBe0ecFaf9e028d63cf7ea7E772CF52d662691A 1582859919281 [-141,-81]
=> 34 of 401: Invalid QmPzc4nWviwg7drgxnPBLJN5M94vp9L88cqQdSxXpKBrdi 0xaabe0ecfaf9e028d63cf7ea7e772cf52d662691a 1582859902104 [-141,-81]
=> 40 of 401: Invalid QmUrJsrDGQXmuHxCwpTGJb6P74UPEbNYEjmWGTHix1PiV8 0x8c3a67c709062d6c0144641216aba5a27d620a98 1582837245072 [2,106]
=> 41 of 401: Invalid QmdvDfaAV8d69pZY6GiJrWkn6HnAQQ39b4Pt52YLiSBUPg 0x8c3a67c709062d6c0144641216aba5a27d620a98 1582837062798 [10,97]
=> 42 of 401: Invalid QmRnNXps9Q1witr2CKScZ3Mqcm8tKRLGandxTLbp68qwfu 0x8c3a67c709062d6c0144641216aba5a27d620a98 1582835253135 [10,97]
=> 43 of 401: Invalid QmRwRu8Gx4nZAA68nWcj8YWRTj1isq5rCtpr5XL7B2HjYc 0x8c3a67c709062d6c0144641216aba5a27d620a98 1582834546214 [2,106]
=> 44 of 401: Invalid Qma1t79hyfLF28pRWvrFVVpJmoscUNbbGzaUNVskvYCJBC 0xaabe0ecfaf9e028d63cf7ea7e772cf52d662691a 1582822660314 [-141,-81]
=> 48 of 401: Invalid QmZbwQd3iDVuaMfAeKFbDXyBH4mXen1tbM6Wieqmbb52s4 0x8d4a025f44c0fc80e0647cf8480f9c937e059b23 1582777553144 [149,-40]
=> 49 of 401: Invalid QmSnT6BrnrMfXi4LiE1NEc83Z7pczSWpyVBmM7gqJkqe6h 0x8d4a025f44c0fc80e0647cf8480f9c937e059b23 1582776994306 [149,-40]
=> 50 of 401: Invalid QmQSgeccZ8WcTp9J9FfxTsNutpkgyBhWpayrLqxgRUUAun 0x8d4a025f44c0fc80e0647cf8480f9c937e059b23 1582757767305 [149,-40]
=> 52 of 401: Invalid QmQQEwTqPLrmtDGvruV3AheqXm9wiqvCWT6cQNPVbmUuhX 0xa7c825bb8c2c4d18288af8efe38c8bf75a1aab51 1582686901032 [-75,71,-75,72,-75,73,-75,74,-75,75,-75,76,-75,77,-75,78,-76,76,-76,77,-76,78,-77,76,-78,76,-79,76,-80,74,-80,75,-80,76,-80,77,-80,78]
=> 53 of 401: Invalid QmVsGXMZBFoEjycZhY7M9tJFReqkUKyZ8JtMHmoK2FvvRb 0x0bDd97A394F83b09b3158e5d00f667E9D81cc282 1582677379494 [-71,-111]
=> 55 of 401: Invalid QmNhoM8UZqEP11xhpbVVg1qLnPZQfFyex6N4YjGQmBCsoy 0xAaBe0ecFaf9e028d63cf7ea7E772CF52d662691A 1582586852943 [-141,-81]
=> 56 of 401: Invalid QmPNeZwhjrguXrmq1XR13Zjvm3DhhqgKNP7547fMmousZE 0xaabe0ecfaf9e028d63cf7ea7e772cf52d662691a 1582586834740 [-141,-81]
=> 57 of 401: Invalid QmRSFuUFco6fo8n5bxXRoHcht2DkGBGjf2XAiGq42DQTxb 0xaabe0ecfaf9e028d63cf7ea7e772cf52d662691a 1582579501736 [-141,-81]
=> 58 of 401: Invalid Qmat9HJy8EKUYzCkrQ8FSjovf4eeRWDu9BpRYYNzSgr9jd 0x8c3a67c709062d6c0144641216aba5a27d620a98 1582565353190 [2,106]
=> 59 of 401: Invalid QmNw3bYk6GmMXf14fJk3GFmfAEYtxUBGaF9UGTMU5YSFSm 0x8c3a67c709062d6c0144641216aba5a27d620a98 1582564240357 [10,97]
=> 60 of 401: Invalid QmR7LFXZpveAZ8HM5sZB9NEpr474qE3gjvLSRqcUcxFZ8e 0x5ba4ce8bc7c1c005a72a6b0879c60e9726a72ee6 1582534029770 [-35,-110]
=> 68 of 401: Invalid QmdSVAmAWiKfAEXgy8NxPvjdUAYPQf354aJhGubWudbPzf 0x5ba4ce8bc7c1c005a72a6b0879c60e9726a72ee6 1582452260596 [-35,-110]
=> 70 of 401: Invalid QmQFTCfU6qDsWDrz6Fx9RCKsZb6TjvXgAXvE1gXM6WGYPv 0x91e222Ed7598eFBCFE7190481f2fd14897E168c8 1582410725172 [-30,53,-30,54,-30,55,-30,56,-30,57]
=> 73 of 401: Invalid QmUB5Uu6tYmpBK2kGtbEEtMb2SBhqxBRkLDHZzdiWEA1JN 0xAaBe0ecFaf9e028d63cf7ea7E772CF52d662691A 1582357767470 [-141,-81]
=> 74 of 401: Invalid QmTqbYu47ZD2N49kSSTqYmaZBKc92Sn49Rpiejt9YxKukZ 0xAaBe0ecFaf9e028d63cf7ea7E772CF52d662691A 1582357126235 [-141,-81]
=> 75 of 401: Invalid QmNZ77eKNz6CgtiVs6MSrgptz7uR7Gqyusar5byi9d3Nzq 0xAaBe0ecFaf9e028d63cf7ea7E772CF52d662691A 1582356384615 [-141,-81]
=> 76 of 401: Invalid QmNkbHDJ8F39xngpKWUJjFQLoCnvS2My4kN5Co6fnvG846 0xa1596e5841000bee04238f119e918b02ea6ec47b 1582335912856 [1,108,1,109,1,110,1,111,2,108,2,109,2,110,2,111,3,108,3,109,3,110,3,111]
=> 77 of 401: Invalid QmbHTgri9xwMUtXQk7xWxhksYBZVYWNMsdm3WF5M7cEzgw 0xa1596e5841000bee04238f119e918b02ea6ec47b 1582335368292 [1,108,1,109,1,110,1,111,2,108,2,109,2,110,2,111,3,108,3,109,3,110,3,111]
=> 78 of 401: Invalid QmfUL9syND7zMLLrxBFpcY8hp14WJsdfJZBiz4xesDDnzM 0xa1596e5841000bee04238f119e918b02ea6ec47b 1582331161329 [1,108,1,109,1,110,1,111,2,108,2,109,2,110,2,111,3,108,3,109,3,110,3,111]
=> 79 of 401: Invalid QmSJB6ktxeFaGtptqU2aQAHBQBSxpHNTNb1LPsy6Mf4f4b 0xa7c825bb8c2c4d18288af8efe38c8bf75a1aab51 1582310423538 [-75,71,-75,72,-75,73,-75,74,-75,75,-75,76,-75,77,-75,78,-76,76,-76,77,-76,78,-77,76,-78,76,-79,76,-80,74,-80,75,-80,76,-80,77,-80,78]
=> 81 of 401: Invalid QmRfkmwHnSuDXazuoxFnTJLKKbgpFr7Wg5BtdtBBc74A1y 0xa1596e5841000bee04238f119e918b02ea6ec47b 1582293768209 [1,108,1,109,1,110,1,111,2,108,2,109,2,110,2,111,3,108,3,109,3,110,3,111]
=> 82 of 401: Invalid QmWDdEqnwNSicr8EDJ5vvy2tKBu2xHc4EwLgpqX2jAXmyy 0x91e222Ed7598eFBCFE7190481f2fd14897E168c8 1582287079726 [-30,53,-30,54,-30,55,-30,56,-30,57]
=> 84 of 401: Invalid QmQ6QTi6usGUjg3h61aa593SQwiZ5NJVjCfZ4n6bteud91 0x91e222Ed7598eFBCFE7190481f2fd14897E168c8 1582286663253 [-30,53,-30,54,-30,55,-30,56,-30,57]
=> 85 of 401: Invalid QmeMnYKtW6vas9RUKUSgebYgSmAjMpViNvtbatcsxEHg8D 0x91e222Ed7598eFBCFE7190481f2fd14897E168c8 1582286247034 [-30,53,-30,54,-30,55,-30,56,-30,57]
=> 88 of 401: Invalid QmUzvp9zskdc3WEk6ys8snAbXNDup9cv5K19tkNpkCMQuB 0xa1596e5841000bee04238f119e918b02ea6ec47b 1582235148437 [1,108,1,109,1,110,1,111,2,108,2,109,2,110,2,111,3,108,3,109,3,110,3,111]
=> 89 of 401: Invalid QmQkTmwd1SBSecxj5CnDFCGm6L7TWi5c6be9dQZkWk5jaz 0xa1596e5841000bee04238f119e918b02ea6ec47b 1582234637236 [1,108,1,109,1,110,1,111,2,108,2,109,2,110,2,111,3,108,3,109,3,110,3,111]
=> 90 of 401: Invalid QmURy5Pz4yfAhkZeCFoqhz3CkWeKSDK6Ma8FzSzns4fYS2 0xa1596e5841000bee04238f119e918b02ea6ec47b 1582234568561 [1,108,1,109,1,110,1,111,2,108,2,109,2,110,2,111,3,108,3,109,3,110,3,111]
=> 91 of 401: Invalid QmWpX4mwPbd1pJN5tWWtpafdfwSfaEr4nQZydw2BVxqxiq 0xa1596e5841000bee04238f119e918b02ea6ec47b 1582233187568 [1,108,1,109,1,110,1,111,2,108,2,109,2,110,2,111,3,108,3,109,3,110,3,111]
=> 92 of 401: Invalid QmZBkxamUrbJeyzQxo2FCA6obpqtVBqbncg9ydNebmKnEr 0xa1596e5841000bee04238f119e918b02ea6ec47b 1582232852851 [1,108,1,109,1,110,1,111,2,108,2,109,2,110,2,111,3,108,3,109,3,110,3,111]
=> 93 of 401: Invalid QmVPreKuYD7mrTzmtkFDZWt9kujguWf53bHMH2qeUoyYFQ 0xa1596e5841000bee04238f119e918b02ea6ec47b 1582230467741 [1,108,1,109,1,110,1,111,2,108,2,109,2,110,2,111,3,108,3,109,3,110,3,111]
=> 97 of 401: Invalid QmUBL1KYtB1CDmjXfZMwNLqQz5arhkJgeZwpqnNF73M9Ne 0x91e222Ed7598eFBCFE7190481f2fd14897E168c8 1582225647674 [-44,58,-44,59,-44,60,-44,61,-43,58,-43,59,-43,60,-43,61,-42,58,-42,59,-42,60,-42,61,-41,58,-41,59,-41,60,-41,61]
=> 100 of 401: Invalid QmeJKKSvfL2J51CFamratuHAhhk7qX4BjuGp3HBhaqgGzg 0x91e222Ed7598eFBCFE7190481f2fd14897E168c8 1582225321469 [-44,58,-44,59,-44,60,-44,61,-43,58,-43,59,-43,60,-43,61,-42,58,-42,59,-42,60,-42,61,-41,58,-41,59,-41,60,-41,61]
=> 109 of 401: Invalid QmR4UzoMVEbws3DEuUyvScCYYBNFiRTfqtYreRq6Z7yLV5 0xa7c825bb8c2c4d18288af8efe38c8bf75a1aab51 1582215254528 [-75,71,-75,72,-75,73,-75,74,-75,75,-75,76,-75,77,-75,78,-76,76,-76,77,-76,78,-77,76,-78,76,-79,76,-80,74,-80,75,-80,76,-80,77,-80,78]
=> 110 of 401: Invalid QmbQV9AeQH7vhGkbS8QfZVetE26DUkTvpCwhwvNDgbMGgJ 0x91e222Ed7598eFBCFE7190481f2fd14897E168c8 1582198806554 [-44,52,-43,52,-42,52,-41,52,-40,52,-39,52,-38,52,-37,52,-36,52,-35,52,-34,52,-33,52,-32,52,-31,52,-30,52,-29,52,-28,52,-27,52]
=> 111 of 401: Invalid QmVPBSpbcbPrqpoqquucZ95wjtLZG6w35Fw7UY7xfdd16W 0x91e222Ed7598eFBCFE7190481f2fd14897E168c8 1582198435377 [-45,57,-45,58,-45,59,-45,60,-45,61]
=> 112 of 401: Invalid QmP7emdnFSg9LLGn8bRNqij9bTHLbNW29rwrLeJooBbc2Y 0x91e222Ed7598eFBCFE7190481f2fd14897E168c8 1582198012798 [-47,62,-46,62,-45,62,-44,62,-43,62,-42,62,-41,62,-40,62]
=> 113 of 401: Invalid QmaSrgqj4KCfd7vMsyPGaNuA7xMvttbaMSwPi2Cj5TcXwg 0x91e222Ed7598eFBCFE7190481f2fd14897E168c8 1582197904402 [-24,55,-24,56,-24,57,-24,58,-24,59,-24,60]
=> 114 of 401: Invalid QmTszCwFmMkfqqY4YZqTQ6gUHNKU3QhEj75TTyzhA4uY5o 0x7979dbb8001e49561dda0d9731d86250f71d8014 1582197184951 [-84,14,-84,15,-84,16,-84,17,-84,18,-84,19,-83,14,-83,15,-83,16,-83,17,-83,18,-83,19,-82,14,-82,15,-82,16,-82,17,-82,18,-82,19,-81,14,-81,15,-81,16,-81,17,-81,18,-81,19,-80,14,-80,15,-80,16,-80,17,-80,18,-80,19]
=> 115 of 401: Invalid QmbnqV1BHyEkNUYgRQoUXx5SRByVA9LNM5SQ3ixxBnSHZm 0x91e222Ed7598eFBCFE7190481f2fd14897E168c8 1582197061832 [-34,59,-34,60,-34,61,-34,62,-33,59,-33,60,-33,61,-33,62,-32,59,-32,60,-32,61,-32,62,-31,59,-31,60,-31,61,-31,62,-30,59,-30,60,-30,61,-30,62,-29,59,-29,60,-29,61,-29,62]
=> 139 of 401: Invalid QmQAD7yX75knpSNWy3U9hG4H11mLCW56ZQEUyadzWwUG4R 0x91e222Ed7598eFBCFE7190481f2fd14897E168c8 1582160363659 [-44,52,-43,52,-42,52,-41,52,-40,52,-39,52,-38,52,-37,52,-36,52,-35,52,-34,52,-33,52,-32,52,-31,52,-30,52,-29,52,-28,52,-27,52]
=> 140 of 401: Invalid QmQd9C7Rt9rUL7B3zgUR7zrGbmY2dENCj5svxsYGMkS9sq 0x91e222Ed7598eFBCFE7190481f2fd14897E168c8 1582156289561 [-49,52,-49,53,-49,54,-49,55,-49,56,-48,52,-48,53,-48,54,-48,55,-48,56,-47,52,-47,53,-47,54,-47,55,-47,56,-46,52,-46,53,-46,54,-46,55,-46,56,-45,52,-45,53,-45,54,-45,55,-45,56]
=> 187 of 401: Invalid QmRLiGJ2f5thVvqKvr2T8pmgjKB2X8ALtDm1LMELhAL7Nv 0xa7c825bb8c2c4d18288af8efe38c8bf75a1aab51 1582139227896 [-75,71,-75,72,-75,73,-75,74,-75,75,-75,76,-75,77,-75,78,-76,76,-76,77,-76,78,-77,76,-78,76,-79,76,-80,74,-80,75,-80,76,-80,77,-80,78]
=> 188 of 401: Invalid QmPUuYxi4sYD1kCE7oGeDZkk5btyEfs8MuGWu8CkSNMosS 0x223fccf2baf102260e2fcd8c986eb74d283a1967 1582137355083 [87,96]
=> 189 of 401: Invalid QmVT6Cvtg3F6ZwRAtgzNt4jGhSuLcbUh4dxegg6HRjDG4U 0x223fccf2baf102260e2fcd8c986eb74d283a1967 1582137103697 [87,96]
=> 190 of 401: Invalid QmaoxpdA1xPgQxCacm5fJXKv59cnnHCH56Zu5YqWBnsH5L 0x91e222Ed7598eFBCFE7190481f2fd14897E168c8 1582132976280 [-34,58,-33,58,-32,58,-31,58,-30,58]
=> 191 of 401: Invalid QmWnMrWWfM1rLDWXHA2zqU5oFZRRHEhdqiuwohaoWS3d7L 0x91e222Ed7598eFBCFE7190481f2fd14897E168c8 1582132825583 [-34,59,-34,60,-34,61,-34,62,-33,59,-33,60,-33,61,-33,62,-32,59,-32,60,-32,61,-32,62,-31,59,-31,60,-31,61,-31,62,-30,59,-30,60,-30,61,-30,62,-29,59,-29,60,-29,61,-29,62]
=> 192 of 401: Invalid QmcmvMzMVrffRhtbzCFFcBDwMmwaACEivDWsH2Gf8Jp2s9 0x91e222Ed7598eFBCFE7190481f2fd14897E168c8 1582132142675 [-34,58,-34,59,-34,60,-34,61,-34,62,-33,58,-33,59,-33,60,-33,61,-33,62,-32,58,-32,59,-32,60,-32,61,-32,62,-31,58,-31,59,-31,60,-31,61,-31,62,-30,58,-30,59,-30,60,-30,61,-30,62]
=> 193 of 401: Invalid QmTwZC8utfxmP8L7sMu8hmrjYQ1vS5yMrgmzhSQ3QeQfd4 0x91e222Ed7598eFBCFE7190481f2fd14897E168c8 1582131991248 [-34,58,-34,59,-34,60,-34,61,-34,62,-33,58,-33,59,-33,60,-33,61,-33,62,-32,58,-32,59,-32,60,-32,61,-32,62,-31,58,-31,59,-31,60,-31,61,-31,62,-30,58,-30,59,-30,60,-30,61,-30,62]
=> 194 of 401: Invalid QmTHoHyH9tGbAT92PuUcEfWUZ5LzVKMvoppLZWgkGm9qZ4 0xa7c825bb8c2c4d18288af8efe38c8bf75a1aab51 1582131933884 [-75,71,-75,72,-75,73,-75,74,-75,75,-75,76,-75,77,-75,78,-76,76,-76,77,-76,78,-77,76,-78,76,-79,76,-80,74,-80,75,-80,76,-80,77,-80,78]
=> 195 of 401: Invalid QmPcNchu8gdKGJg6eBp7U4vngN5z4RsPXupdzQPzUv94Q1 0x91e222Ed7598eFBCFE7190481f2fd14897E168c8 1582131394417 [-29,55,-29,56,-29,57,-29,58,-28,55,-28,56,-28,57,-28,58,-27,55,-27,56,-27,57,-27,58,-26,55,-26,56,-26,57,-26,58,-25,55,-25,56,-25,57,-25,58]
=> 196 of 401: Invalid Qmd4tBqQof6Xdus4iE8Kh8C6nbVi63kgxjrSNznWDZQXTF 0x91e222Ed7598eFBCFE7190481f2fd14897E168c8 1582131269762 [-29,55,-29,56,-29,57,-29,58,-28,55,-28,56,-28,57,-28,58,-27,55,-27,56,-27,57,-27,58,-26,55,-26,56,-26,57,-26,58,-25,55,-25,56,-25,57,-25,58]
=> 199 of 401: Invalid QmVDmof71koEq4XsVSiDHgxv5Ahije5vEqGGpFBx4ofFf6 0x91e222Ed7598eFBCFE7190481f2fd14897E168c8 1582130898884 [-49,61,-49,62,-48,61,-48,62]
=> 200 of 401: Invalid QmV5Z24tEff7tLD6pAvxeiLUWV8xaM4vQWunwmNP3zxHDp 0x91e222Ed7598eFBCFE7190481f2fd14897E168c8 1582130832078 [-49,61,-49,62,-48,61,-48,62]
=> 201 of 401: Invalid QmZ1zT6t3Kz32YEpTpDS2kk3ouZdUEdBPQSs5mjjSLazDG 0x91e222Ed7598eFBCFE7190481f2fd14897E168c8 1582130607646 [-47,62,-46,62,-45,62,-44,62,-43,62,-42,62,-41,62,-40,62]
=> 202 of 401: Invalid QmehwAkFhEkjFfMiNRTTb8wW8ku53v1AnFUa5SFPa5ndEk 0x91e222Ed7598eFBCFE7190481f2fd14897E168c8 1582129978789 [-29,55,-29,56,-29,57,-29,58,-28,55,-28,56,-28,57,-28,58,-27,55,-27,56,-27,57,-27,58,-26,55,-26,56,-26,57,-26,58,-25,55,-25,56,-25,57,-25,58]
=> 203 of 401: Invalid QmRVYp9yZejsVXEB7JfcyDnyGbFS4ry5vSq6UtQmbuiYLQ 0x91e222Ed7598eFBCFE7190481f2fd14897E168c8 1582129613173 [-29,53,-29,54,-28,53,-28,54,-27,53,-27,54]
=> 204 of 401: Invalid QmehQvMUEHccnTsv7fcQW7SdvA5WvtdUHTDq1d4fBPLvdW 0x91e222Ed7598eFBCFE7190481f2fd14897E168c8 1582129404471 [-26,52,-26,53,-26,54,-25,52,-25,53,-25,54,-24,52,-24,53,-24,54]
=> 205 of 401: Invalid QmQy2wTpFzt5Zi9fxUwJzgcFACs8dV7VDorHQ7v5r7H3v2 0x91e222Ed7598eFBCFE7190481f2fd14897E168c8 1582129321688 [-49,57,-49,58,-49,59,-49,60]
=> 206 of 401: Invalid Qmczdc87b2oJkPy9MzoPGqa42i7KBrm8QszkTcLsvzx5e4 0x91e222Ed7598eFBCFE7190481f2fd14897E168c8 1582128604145 [-40,58,-40,59,-40,60,-40,61]
=> 208 of 401: Invalid QmYDVkiEN8E4Bf3pQVVkZjm4qgZ6wX3xh5kbwu3z5ojzwf 0x91e222Ed7598eFBCFE7190481f2fd14897E168c8 1582127660454 [-49,52,-49,53,-49,54,-49,55,-49,56,-48,52,-48,53,-48,54,-48,55,-48,56,-47,52,-47,53,-47,54,-47,55,-47,56,-46,52,-46,53,-46,54,-46,55,-46,56,-45,52,-45,53,-45,54,-45,55,-45,56]
=> 209 of 401: Invalid QmdrdnF9QnbjD69bNRAhbccoRFibax45xD4BpL8pYrwjif 0x91e222Ed7598eFBCFE7190481f2fd14897E168c8 1582127458558 [-44,52,-43,52,-42,52,-41,52,-40,52,-39,52,-38,52,-37,52,-36,52,-35,52,-34,52,-33,52,-32,52,-31,52,-30,52,-29,52,-28,52,-27,52]
=> 210 of 401: Invalid QmdQ1CYDTTLxzsoSVb6v9T5KmkxXgySdM2WdXbSkbfgi7U 0x91e222Ed7598eFBCFE7190481f2fd14897E168c8 1582127067429 [-44,52,-43,52,-42,52,-41,52,-40,52,-39,52,-38,52,-37,52,-36,52,-35,52,-34,52,-33,52,-32,52,-31,52,-30,52,-29,52,-28,52,-27,52]
=> 211 of 401: Invalid QmUo75Y8d5utabAN4RcXpDDvccQ4jGEoFfud2Gue8PCg8U 0x9c6b3261282fc36c9b6efae89717f4c1f9883234 1582126981923 [69,12]
=> 212 of 401: Invalid QmboHZRdx1YbmKEPnk6WHkMtSDfjqM26CBvSExHKgBiHzY 0x91e222Ed7598eFBCFE7190481f2fd14897E168c8 1582126940747 [-44,52,-43,52,-42,52,-41,52,-40,52,-39,52,-38,52,-37,52,-36,52,-35,52,-34,52,-33,52,-32,52,-31,52,-30,52,-29,52,-28,52,-27,52]
=> 213 of 401: Invalid QmYEjHCUeofz5BMrr61kQ9kw1rkxbSwTBX5FiwGHnENAK4 0x91e222Ed7598eFBCFE7190481f2fd14897E168c8 1582126562687 [-44,52,-43,52,-42,52,-41,52,-40,52,-39,52,-38,52,-37,52,-36,52,-35,52,-34,52,-33,52,-32,52,-31,52,-30,52,-29,52,-28,52,-27,52]
=> 214 of 401: Invalid QmPLD47Z1CyNE5XChpnUshFwunvkcL8FtqvXrk4LjYgr3K 0x91e222Ed7598eFBCFE7190481f2fd14897E168c8 1582126446275 [-30,53,-30,54,-30,55,-30,56,-30,57]
=> 215 of 401: Invalid QmX6YiukbvQwFEddxHFk4dyr6F3ED9V719J7xJX9dC3ZX1 0x91e222Ed7598eFBCFE7190481f2fd14897E168c8 1582126044625 [-49,52,-49,53,-49,54,-49,55,-49,56,-48,52,-48,53,-48,54,-48,55,-48,56,-47,52,-47,53,-47,54,-47,55,-47,56,-46,52,-46,53,-46,54,-46,55,-46,56,-45,52,-45,53,-45,54,-45,55,-45,56]
=> 216 of 401: Invalid QmdkV44bVkFTFH3KEj45oDYRXpHNuwvKox5JNabbYMY1LG 0x91e222Ed7598eFBCFE7190481f2fd14897E168c8 1582125567056 [-49,52,-49,53,-49,54,-49,55,-49,56,-48,52,-48,53,-48,54,-48,55,-48,56,-47,52,-47,53,-47,54,-47,55,-47,56,-46,52,-46,53,-46,54,-46,55,-46,56,-45,52,-45,53,-45,54,-45,55,-45,56]
=> 217 of 401: Invalid QmWBgd2uCHonbWNxCw86MuBzU7FbKBskghAma9GMTLmrx6 0x7979dbb8001e49561dda0d9731d86250f71d8014 1582124782938 [-84,14,-84,15,-84,16,-84,17,-84,18,-84,19,-83,14,-83,15,-83,16,-83,17,-83,18,-83,19,-82,14,-82,15,-82,16,-82,17,-82,18,-82,19,-81,14,-81,15,-81,16,-81,17,-81,18,-81,19,-80,14,-80,15,-80,16,-80,17,-80,18,-80,19]
=> 218 of 401: Invalid QmSuxBRkfR1ZcdwtsDepYx8GCVuunFjq7KjspHAEWjd9mk 0x91e222Ed7598eFBCFE7190481f2fd14897E168c8 1582124568738 [-44,53,-44,54,-44,55,-44,56]
=> 219 of 401: Invalid QmRUBAwKUgyoLpC8as67MWk9sZHmQa3MbaCzBZU5MxWPZo 0x91e222Ed7598eFBCFE7190481f2fd14897E168c8 1582124271752 [-44,52,-43,52,-42,52,-41,52,-40,52,-39,52,-38,52,-37,52,-36,52,-35,52,-34,52,-33,52,-32,52,-31,52,-30,52,-29,52,-28,52,-27,52]
=> 220 of 401: Invalid QmWwY2jBRwvvumksGkq27Z7DG6woSwRiDJNMiFn84XzZAS 0xa7c825bb8c2c4d18288af8efe38c8bf75a1aab51 1582123995326 [-75,71,-75,72,-75,73,-75,74,-75,75,-75,76,-75,77,-75,78,-76,76,-76,77,-76,78,-77,76,-78,76,-79,76,-80,74,-80,75,-80,76,-80,77,-80,78]
=> 221 of 401: Invalid QmSD1hkLL4WCu3wotZMUVQMULPBRThxCKu7UiL3et9eYrs 0x91e222Ed7598eFBCFE7190481f2fd14897E168c8 1582123853260 [-44,52,-43,52,-42,52,-41,52,-40,52,-39,52,-38,52,-37,52,-36,52,-35,52,-34,52,-33,52,-32,52,-31,52,-30,52,-29,52,-28,52,-27,52]
=> 222 of 401: Invalid QmQFJddWSXjLiaWTR5Ea6rteiQg7kYh98WvwXZENFfNdma 0x7979dbb8001e49561dda0d9731d86250f71d8014 1582123624007 [-84,14,-84,15,-84,16,-84,17,-84,18,-84,19,-83,14,-83,15,-83,16,-83,17,-83,18,-83,19,-82,14,-82,15,-82,16,-82,17,-82,18,-82,19,-81,14,-81,15,-81,16,-81,17,-81,18,-81,19,-80,14,-80,15,-80,16,-80,17,-80,18,-80,19]
=> 224 of 401: Invalid Qme3NHux1imx9wKkgipL1t9RLMqMcD3UZNL9nB7h8XoeBY 0x91e222Ed7598eFBCFE7190481f2fd14897E168c8 1582122788962 [-49,52,-49,53,-49,54,-49,55,-49,56,-48,52,-48,53,-48,54,-48,55,-48,56,-47,52,-47,53,-47,54,-47,55,-47,56,-46,52,-46,53,-46,54,-46,55,-46,56,-45,52,-45,53,-45,54,-45,55,-45,56]
=> 225 of 401: Invalid QmSPVwGgWPLpzroRH1f2EnAHynq6FAnFuiHgSjCumcPMp6 0x91e222Ed7598eFBCFE7190481f2fd14897E168c8 1582122635647 [-49,52,-49,53,-49,54,-49,55,-49,56,-48,52,-48,53,-48,54,-48,55,-48,56,-47,52,-47,53,-47,54,-47,55,-47,56,-46,52,-46,53,-46,54,-46,55,-46,56,-45,52,-45,53,-45,54,-45,55,-45,56]
=> 227 of 401: Invalid QmNVNt6kHK7AjDomG9cYFuvd2rUsS2mYGzQUYeqjsaBVMx 0x91e222Ed7598eFBCFE7190481f2fd14897E168c8 1582122588151 [-49,52,-49,53,-49,54,-49,55,-49,56,-48,52,-48,53,-48,54,-48,55,-48,56,-47,52,-47,53,-47,54,-47,55,-47,56,-46,52,-46,53,-46,54,-46,55,-46,56,-45,52,-45,53,-45,54,-45,55,-45,56]
=> 229 of 401: Invalid QmbmyuQmiUraPjetPkESYSGppRDr9wsbtizFYDv7D2J34w 0x91e222Ed7598eFBCFE7190481f2fd14897E168c8 1582122163540 [-49,52,-49,53,-49,54,-49,55,-49,56,-48,52,-48,53,-48,54,-48,55,-48,56,-47,52,-47,53,-47,54,-47,55,-47,56,-46,52,-46,53,-46,54,-46,55,-46,56,-45,52,-45,53,-45,54,-45,55,-45,56]
=> 230 of 401: Invalid Qmbtyd2yXTLYeBtR2wNxJcmJ2dGscVjHv4DRPKNYgeVRoo 0x91e222Ed7598eFBCFE7190481f2fd14897E168c8 1582122110884 [-49,52,-49,53,-49,54,-49,55,-49,56,-48,52,-48,53,-48,54,-48,55,-48,56,-47,52,-47,53,-47,54,-47,55,-47,56,-46,52,-46,53,-46,54,-46,55,-46,56,-45,52,-45,53,-45,54,-45,55,-45,56]
=> 231 of 401: Invalid QmQP7f2FAL7joLFLjwenH61w2dLd2iM69zjAk935q3m9R6 0x91e222Ed7598eFBCFE7190481f2fd14897E168c8 1582121839256 [-49,52,-49,53,-49,54,-49,55,-49,56,-48,52,-48,53,-48,54,-48,55,-48,56,-47,52,-47,53,-47,54,-47,55,-47,56,-46,52,-46,53,-46,54,-46,55,-46,56,-45,52,-45,53,-45,54,-45,55,-45,56]
=> 232 of 401: Invalid QmZqSDuD1G4ZPECyDFcMkXmM4mvupJbJBBJrcszYB6j9Qr 0x91e222Ed7598eFBCFE7190481f2fd14897E168c8 1582121308240 [-49,52,-49,53,-49,54,-49,55,-49,56,-48,52,-48,53,-48,54,-48,55,-48,56,-47,52,-47,53,-47,54,-47,55,-47,56,-46,52,-46,53,-46,54,-46,55,-46,56,-45,52,-45,53,-45,54,-45,55,-45,56]
=> 233 of 401: Invalid QmS3TvXYMhd86bFejykU2uR5GfxW2Ne4ALrGzbhAR7tQyW 0x91e222Ed7598eFBCFE7190481f2fd14897E168c8 1582121159155 [-49,52,-49,53,-49,54,-49,55,-49,56,-48,52,-48,53,-48,54,-48,55,-48,56,-47,52,-47,53,-47,54,-47,55,-47,56,-46,52,-46,53,-46,54,-46,55,-46,56,-45,52,-45,53,-45,54,-45,55,-45,56]
=> 234 of 401: Invalid QmaAX9jAQmrxqCnrbpRzFMg8efokjb2S9FUE8tUqaueuwY 0x91e222Ed7598eFBCFE7190481f2fd14897E168c8 1582120892061 [-26,52,-26,53,-26,54,-25,52,-25,53,-25,54,-24,52,-24,53,-24,54]
=> 235 of 401: Invalid QmZaSVBzdVQT7MzPZyiCvrtzUsMTB2KiUQpUJvsJSqzVqT 0x91e222Ed7598eFBCFE7190481f2fd14897E168c8 1582120825696 [-34,62,-33,62,-32,62,-31,62,-30,62,-29,62]
=> 236 of 401: Invalid QmT9euLZbgLX2mVbN6afCSHqGAySi6NwHvJUDUeVYo4jhx 0x91e222Ed7598eFBCFE7190481f2fd14897E168c8 1582120768567 [-49,52,-49,53,-49,54,-49,55,-49,56,-48,52,-48,53,-48,54,-48,55,-48,56,-47,52,-47,53,-47,54,-47,55,-47,56,-46,52,-46,53,-46,54,-46,55,-46,56,-45,52,-45,53,-45,54,-45,55,-45,56]
=> 237 of 401: Invalid QmTchgAL88EiUB2Q3jBxRBK3PfdKBw71YHLVLoUjPgH4tP 0x91e222Ed7598eFBCFE7190481f2fd14897E168c8 1582120725471 [-44,52,-43,52,-42,52,-41,52,-40,52,-39,52,-38,52,-37,52,-36,52,-35,52,-34,52,-33,52,-32,52,-31,52,-30,52,-29,52,-28,52,-27,52]
=> 238 of 401: Invalid QmPCKp53vx8gzdpSDmShVLbV9AathDwT49kABQcfnDzQsX 0x91e222Ed7598eFBCFE7190481f2fd14897E168c8 1582120383263 [-44,57,-43,57,-42,57,-41,57,-40,57,-39,57,-38,57,-37,57,-36,57,-35,57,-34,57,-33,57,-32,57,-31,57]
=> 239 of 401: Invalid Qmb7cWS5Ni2Qt57HNejqeVbqX5vCxHd62osDpzvxCv5pHe 0x91e222Ed7598eFBCFE7190481f2fd14897E168c8 1582120126233 [-48,57,-47,57,-46,57]
=> 240 of 401: Invalid QmW6ttDEkuGSmv1MFd2coBKggDkVecAyxqV1XtBXFKVvvC 0x91e222Ed7598eFBCFE7190481f2fd14897E168c8 1582119659144 [-47,61,-46,61]
=> 241 of 401: Invalid QmXPdkCSCTCukqkyRQS6AN6VFaxYSorXgQrzDeqzjnnWLS 0x91e222Ed7598eFBCFE7190481f2fd14897E168c8 1582115162050 [-49,52,-49,53,-49,54,-49,55,-49,56,-48,52,-48,53,-48,54,-48,55,-48,56,-47,52,-47,53,-47,54,-47,55,-47,56,-46,52,-46,53,-46,54,-46,55,-46,56,-45,52,-45,53,-45,54,-45,55,-45,56]
=> 267 of 401: Invalid QmcX3YZnf47o9z9q1Yr6kWAVXyvwoCi5MV3mcRNupZasce 0x91e222Ed7598eFBCFE7190481f2fd14897E168c8 1582040820823 [-44,58,-44,59,-44,60,-44,61,-43,58,-43,59,-43,60,-43,61,-42,58,-42,59,-42,60,-42,61,-41,58,-41,59,-41,60,-41,61]
=> 273 of 401: Invalid QmcDYrxsVaeK43xWKRn3gnrGEhPFvg3c4hmowMvatv1ysJ 0x91e222Ed7598eFBCFE7190481f2fd14897E168c8 1582036181848 [-49,52,-49,53,-49,54,-49,55,-49,56,-48,52,-48,53,-48,54,-48,55,-48,56,-47,52,-47,53,-47,54,-47,55,-47,56,-46,52,-46,53,-46,54,-46,55,-46,56,-45,52,-45,53,-45,54,-45,55,-45,56]
=> 281 of 401: Invalid QmNn2oVpyXxNzhM8nZa4jsUu76e8EXbYDs7NaPjb8aFuxj 0x70cFb74cDb5D61b5cC040D5C8dD0D3E160e0E36D 1582026926930 [2,12]
=> 282 of 401: Invalid QmbTsE4NJ1Mg82YF2xVbfkFRWkxzSJfVFgQw5eiaGNk3TH 0x70cFb74cDb5D61b5cC040D5C8dD0D3E160e0E36D 1582026883951 [2,12]
=> 283 of 401: Invalid QmXgEqvUsymwCAcWkn7b92Ro2vNGTZjYpauVagkv6rKtkh 0xdf5BeEbf9B3B1817a4f3EA68809438b510120CF7 1582015996785 [42,-113]
=> 284 of 401: Invalid QmY2KrMf4ZmcBZ1iKcNdmB9ZQEdmfNoLDBfH8LQdacK78v 0xdf5BeEbf9B3B1817a4f3EA68809438b510120CF7 1582015538680 [42,-113]
=> 285 of 401: Invalid QmWdykEX7yQjpkxRX2ptb3YPcroLE2bUxEH4aSU5k8dZXF 0xdf5BeEbf9B3B1817a4f3EA68809438b510120CF7 1582015495223 [42,-113]
=> 286 of 401: Invalid QmPJ4Ct9A3a2tVB1Cse56xxUa4MmfvLQntLeNbcvLmZgMc 0xB908De4c389E7A8EEb4B7367587d2784Bb7E1e47 1582003458114 [102,4]
=> 287 of 401: Invalid QmNPBzpUu6qh3iLkGKQF9Y5Wh11tYv3NzFXtRkhzQzau8Y 0x91e222Ed7598eFBCFE7190481f2fd14897E168c8 1581979881957 [-49,52,-49,53,-49,54,-49,55,-49,56,-48,52,-48,53,-48,54,-48,55,-48,56,-47,52,-47,53,-47,54,-47,55,-47,56,-46,52,-46,53,-46,54,-46,55,-46,56,-45,52,-45,53,-45,54,-45,55,-45,56]
=> 288 of 401: Invalid QmUvJVwy9bDGmVEDCfjpHZiKie2eGomJ8XGSNHybXuahS3 0xAaBe0ecFaf9e028d63cf7ea7E772CF52d662691A 1581968720919 [-141,-81]
=> 289 of 401: Invalid QmSmcHamMSwgbyH7LLdwoPCd1pzzBojKWW3x99q1hep9VN 0xAaBe0ecFaf9e028d63cf7ea7E772CF52d662691A 1581968683158 [-141,-81]
=> 290 of 401: Invalid QmZV23L3VUqa9t6bEk4YQvi7qc4fbe2bPGXLKodDh2caWV 0xAaBe0ecFaf9e028d63cf7ea7E772CF52d662691A 1581968212205 [-141,-81]
=> 291 of 401: Invalid QmYBNKK7bAz2Js2grm8aiTQ7DFzVuonxhy738YX5cVQmMv 0xAaBe0ecFaf9e028d63cf7ea7E772CF52d662691A 1581967555871 [-141,-81]
=> 292 of 401: Invalid QmW9rEuMgFmppuhBEkzFczpQm5A4oYx2ucHqp1a2mXtGsp 0xAaBe0ecFaf9e028d63cf7ea7E772CF52d662691A 1581964576960 [-141,-81]
=> 293 of 401: Invalid QmP38aBHDj28Gs5VxRTs3LLAdkmbqkqPehsfQRRBWiDqRc 0xAaBe0ecFaf9e028d63cf7ea7E772CF52d662691A 1581963754121 [-141,-81]
=> 297 of 401: Invalid QmWTit3PGGdpVyDXaXrdbGnZqvFWy8adnVUaAmcNXFpShU 0x91e222Ed7598eFBCFE7190481f2fd14897E168c8 1581947338460 [-44,58,-44,59,-44,60,-44,61,-43,58,-43,59,-43,60,-43,61,-42,58,-42,59,-42,60,-42,61,-41,58,-41,59,-41,60,-41,61]
=> 299 of 401: Invalid QmZd4KaJRHwNp8o5wBenaXmLELZyn3Sg5vXWNAFxd4oae7 0x91e222Ed7598eFBCFE7190481f2fd14897E168c8 1581946884565 [-44,58,-44,59,-44,60,-44,61,-43,58,-43,59,-43,60,-43,61,-42,58,-42,59,-42,60,-42,61,-41,58,-41,59,-41,60,-41,61]
=> 300 of 401: Invalid QmcDB8oaouymuryjWU6UMtay6UTBFRECpB35RSaj9mXc1D 0x91e222Ed7598eFBCFE7190481f2fd14897E168c8 1581946674147 [-44,58,-44,59,-44,60,-44,61,-43,58,-43,59,-43,60,-43,61,-42,58,-42,59,-42,60,-42,61,-41,58,-41,59,-41,60,-41,61]
=> 301 of 401: Invalid QmVSakbhCzT9sTgDqfEs573UBLV2JpALwS3ecSorWbThUC 0x91e222Ed7598eFBCFE7190481f2fd14897E168c8 1581946528699 [-44,58,-44,59,-44,60,-44,61,-43,58,-43,59,-43,60,-43,61,-42,58,-42,59,-42,60,-42,61,-41,58,-41,59,-41,60,-41,61]
=> 302 of 401: Invalid Qmd7fJe4qWMfzXjgqX65GPa6tDfhMuGP2npyf1brtrUPv5 0xe5cf1BB88a59F9fC609689C681D1d14bfE7Ce73A 1581941290738 [-69,77,-69,78,-69,79,-69,80,-69,81,-69,82,-68,77,-68,78,-68,79,-68,80,-68,81,-68,82,-67,77,-67,78,-67,79,-67,80,-67,81,-67,82,-66,77,-66,78,-66,79,-66,80,-66,81,-66,82,-65,77,-65,78,-65,79,-65,80,-65,81,-65,82]
=> 303 of 401: Invalid QmQ4Y3wYpksX3mULkuKAC6Qa5B4kE9okHPU5S7ndtat4QG 0x91e222Ed7598eFBCFE7190481f2fd14897E168c8 1581934144947 [-44,58,-44,59,-44,60,-44,61,-43,58,-43,59,-43,60,-43,61,-42,58,-42,59,-42,60,-42,61,-41,58,-41,59,-41,60,-41,61]
=> 304 of 401: Invalid QmeLqMTLVb5WnxMjF2yvQR28krfHSccYVE8JtjqrWCMozi 0x91e222Ed7598eFBCFE7190481f2fd14897E168c8 1581934038695 [-34,62,-33,62,-32,62,-31,62,-30,62,-29,62]
=> 305 of 401: Invalid QmXZF7HcnhjZRk4fr1sdxmf3bxQvjfC3RDh8hZdKoMAfPZ 0x91e222Ed7598eFBCFE7190481f2fd14897E168c8 1581933991161 [-24,55,-24,56,-24,57,-24,58,-24,59,-24,60]
=> 306 of 401: Invalid Qmbhy7VR6NtS5oCvSe4s3j8D6TxRESKtxBaGMbJvcYNTBT 0x91e222Ed7598eFBCFE7190481f2fd14897E168c8 1581933951450 [-47,62,-46,62,-45,62,-44,62,-43,62,-42,62,-41,62,-40,62]
=> 307 of 401: Invalid QmRAFsNetTTPvK7jevtZwPU2PRoerLG2QPidMyDucjLDor 0x91e222Ed7598eFBCFE7190481f2fd14897E168c8 1581933906028 [-44,52,-43,52,-42,52,-41,52,-40,52,-39,52,-38,52,-37,52,-36,52,-35,52,-34,52,-33,52,-32,52,-31,52,-30,52,-29,52,-28,52,-27,52]
=> 308 of 401: Invalid QmUrcd7a3yhWQWvpiTCWDKoktzKRQxByjNXKPhmrVSPW2X 0x91e222Ed7598eFBCFE7190481f2fd14897E168c8 1581933856955 [-49,57,-49,58,-49,59,-49,60]
=> 309 of 401: Invalid QmW9CpXvePxTd1HSYQV4SsRwxxrEH7TA6KhL3BVqb43TLj 0x91e222Ed7598eFBCFE7190481f2fd14897E168c8 1581933816973 [-49,61,-49,62,-48,61,-48,62]
=> 310 of 401: Invalid QmeCfwXhvXyuXcWx9eM3FCkdd5PxQ3shZtmnhWaWsAeeft 0xe5cf1BB88a59F9fC609689C681D1d14bfE7Ce73A 1581922003679 [-26,102,-26,103,-26,104,-25,102,-25,103,-25,104,-24,102,-24,103,-24,104]
=> 311 of 401: Invalid QmRUp4RoTa32PLj4VC5bwfmwDc3SMBVUdsk6rzKpPLzgzf 0xe5cf1BB88a59F9fC609689C681D1d14bfE7Ce73A 1581918322577 [-26,102,-26,103,-26,104,-25,102,-25,103,-25,104,-24,102,-24,103,-24,104]
=> 312 of 401: Invalid QmcvfmuW3n29pXzYNobH4FiXKBycjA79wV49JtAr8At619 0xe5cf1BB88a59F9fC609689C681D1d14bfE7Ce73A 1581916424854 [-26,102,-26,103,-26,104,-25,102,-25,103,-25,104,-24,102,-24,103,-24,104]
=> 313 of 401: Invalid QmYE3oq6J59J3hEnNWYds5dn1BXa3uMFFroMTN7ZaRFVKt 0xe5cf1BB88a59F9fC609689C681D1d14bfE7Ce73A 1581915830857 [-26,102,-26,103,-26,104,-25,102,-25,103,-25,104,-24,102,-24,103,-24,104]
=> 314 of 401: Invalid QmNQKuzKw7ay7nAhG7fyu8CsFMBAXmEHGbR9jg8RmbkoRf 0x91e222Ed7598eFBCFE7190481f2fd14897E168c8 1581861608301 [-26,52,-26,53,-26,54,-25,52,-25,53,-25,54,-24,52,-24,53,-24,54]
=> 315 of 401: Invalid QmWmpedroECMaRVBxiNcj3yf525uhFmdx14EM3cMxW8hqJ 0x91e222Ed7598eFBCFE7190481f2fd14897E168c8 1581861569841 [-24,54,-24,53,-24,52,-25,54,-25,53,-25,52,-26,54,-26,53,-26,52]
=> 316 of 401: Invalid QmcTEfR2a1iLXkQW4o8UrsMdzBoiVoeUKicrvbY9FqBQpA 0x91e222Ed7598eFBCFE7190481f2fd14897E168c8 1581861112148 [-49,52,-49,53,-49,54,-49,55,-49,56,-48,52,-48,53,-48,54,-48,55,-48,56,-47,52,-47,53,-47,54,-47,55,-47,56,-46,52,-46,53,-46,54,-46,55,-46,56,-45,52,-45,53,-45,54,-45,55,-45,56]
=> 317 of 401: Invalid Qmb25UocLf8C346atqRaBZvvY2X55k5apSsTRZDr98gsH6 0x91e222Ed7598eFBCFE7190481f2fd14897E168c8 1581861062279 [-45,56,-45,55,-45,54,-45,53,-45,52,-46,56,-46,55,-46,54,-46,53,-46,52,-47,56,-47,55,-47,54,-47,53,-47,52,-48,56,-48,55,-48,54,-48,53,-48,52,-49,56,-49,55,-49,54,-49,53,-49,52]
=> 318 of 401: Invalid QmWU6ohSezaX6CLrMkkn38GAZBET4Di33uukvK1M9S9N7i 0x91e222Ed7598eFBCFE7190481f2fd14897E168c8 1581860945919 [-24,54,-24,53,-24,52,-25,54,-25,53,-25,52,-26,54,-26,53,-26,52]
=> 319 of 401: Invalid QmVPhJTMDhWAHAWfq5F7LtxhCN1T1qA2aoz8appkHU79C2 0x91e222Ed7598eFBCFE7190481f2fd14897E168c8 1581860865350 [-45,56,-45,55,-45,54,-45,53,-45,52,-46,56,-46,55,-46,54,-46,53,-46,52,-47,56,-47,55,-47,54,-47,53,-47,52,-48,56,-48,55,-48,54,-48,53,-48,52,-49,56,-49,55,-49,54,-49,53,-49,52]
=> 320 of 401: Invalid QmXs9Yc6DwxCtS84nHMpBEc6ujTQdCZX3pTD51BGkSXsdo 0x91e222Ed7598eFBCFE7190481f2fd14897E168c8 1581860745164 [-24,54,-24,53,-24,52,-25,54,-25,53,-25,52,-26,54,-26,53,-26,52]
=> 321 of 401: Invalid QmPi5cFg41Hgg4qMSzz5FKghhUYUnUW6TAodrnjszV6HhH 0x91e222Ed7598eFBCFE7190481f2fd14897E168c8 1581860713334 [-45,56,-45,55,-45,54,-45,53,-45,52,-46,56,-46,55,-46,54,-46,53,-46,52,-47,56,-47,55,-47,54,-47,53,-47,52,-48,56,-48,55,-48,54,-48,53,-48,52,-49,56,-49,55,-49,54,-49,53,-49,52]
=> 322 of 401: Invalid Qmd5aboPFGbuPWvRzQRHE9NBRW93A5tPMNLdHnVu7iryJT 0x91e222Ed7598eFBCFE7190481f2fd14897E168c8 1581860143418 [-45,56,-45,55,-45,54,-45,53,-45,52,-46,56,-46,55,-46,54,-46,53,-46,52,-47,56,-47,55,-47,54,-47,53,-47,52,-48,56,-48,55,-48,54,-48,53,-48,52,-49,56,-49,55,-49,54,-49,53,-49,52]
=> 323 of 401: Invalid QmRmN36qtANL8M7x7s69ndyMe3oWKk9bViePJJNp3SKS8f 0x0a26E8a4305Ad5D9e6844e9D2aaD05262b1285E6 1581854868765 [-24,-118,-23,-118]
=> 324 of 401: Invalid QmSs2L2JBMu4ijjm9xSLJBxVz7ien2sJ6JTCLQjNLNXJpG 0x91e222Ed7598eFBCFE7190481f2fd14897E168c8 1581845633568 [-24,54,-24,53,-24,52,-25,54,-25,53,-25,52,-26,54,-26,53,-26,52]
=> 325 of 401: Invalid QmSp1qMU8kJ9yP4FeyDsJMuptzdGYoPiEYRZCAGiBtqkqB 0x91e222Ed7598eFBCFE7190481f2fd14897E168c8 1581845534693 [-45,56,-45,55,-45,54,-45,53,-45,52,-46,56,-46,55,-46,54,-46,53,-46,52,-47,56,-47,55,-47,54,-47,53,-47,52,-48,56,-48,55,-48,54,-48,53,-48,52,-49,56,-49,55,-49,54,-49,53,-49,52]
=> 326 of 401: Invalid QmbYhPRC5jz6QHzUWwtWByB83ddALeSykvC4ZLhV3v4VFF 0x7979dbb8001e49561dda0d9731d86250f71d8014 1581845269792 [-84,14,-84,15,-84,16,-84,17,-84,18,-84,19,-83,14,-83,15,-83,16,-83,17,-83,18,-83,19,-82,14,-82,15,-82,16,-82,17,-82,18,-82,19,-81,14,-81,15,-81,16,-81,17,-81,18,-81,19,-80,14,-80,15,-80,16,-80,17,-80,18,-80,19]
=> 333 of 401: Invalid QmRvRM3gvk58qdA68nxnujNcHiyV88gAk4q3MT8ghvTbJa 0xAaBe0ecFaf9e028d63cf7ea7E772CF52d662691A 1581824011587 [-141,-81]
=> 334 of 401: Invalid QmYiajoDSLjn8gy4RxAHC8pxhxWatkH29isxHqJjrnE3qc 0xAaBe0ecFaf9e028d63cf7ea7E772CF52d662691A 1581823570070 [-141,-81]
=> 335 of 401: Invalid QmdsgHpQfhgoYi4DBiqdy1yUQf81LjPhoikuuYATcJiywp 0xAaBe0ecFaf9e028d63cf7ea7E772CF52d662691A 1581822636671 [-141,-81]
=> 336 of 401: Invalid QmckuGca9nKGQfJJ4oj8un8Up3AizwussS9fuQ7PNhKtAy 0x7979dbb8001e49561dda0d9731d86250f71d8014 1581807049896 [-84,14,-84,15,-84,16,-84,17,-84,18,-84,19,-83,14,-83,15,-83,16,-83,17,-83,18,-83,19,-82,14,-82,15,-82,16,-82,17,-82,18,-82,19,-81,14,-81,15,-81,16,-81,17,-81,18,-81,19,-80,14,-80,15,-80,16,-80,17,-80,18,-80,19]
=> 359 of 401: Invalid QmWCtSx6ZbyJgrNWRmXfR2wM61yjae312PWT7v2sRhBCiW 0xFB95fD4E72844f73625790D50C47Bc3C2868Df28 1581698784589 [-67,-110,-67,-109,-66,-110,-66,-109,-65,-110,-65,-109]
=> 362 of 401: Invalid QmY4xw8USMrT5C9ENaC1xDeYnTVQmBmYukb7J4QZDg9vvZ 0xFB95fD4E72844f73625790D50C47Bc3C2868Df28 1581697899957 [-67,-110,-67,-109,-66,-110,-66,-109,-65,-110,-65,-109]
=> 364 of 401: Invalid Qmcao36Mqt9ZE1fxnQUwLtbAihowXjntsS8abULrVbHPQq 0xFB95fD4E72844f73625790D50C47Bc3C2868Df28 1581696334722 [-67,-110,-67,-109,-66,-110,-66,-109,-65,-110,-65,-109]
=> 372 of 401: Invalid QmY2dEbE2JmWmBGkr6oNZRLcEuUX796qdvbDUMxwMyezhD 0xFB95fD4E72844f73625790D50C47Bc3C2868Df28 1581612686132 [-67,-110,-67,-109,-66,-110,-66,-109,-65,-110,-65,-109]
