=> 1 of 401: #Fixed# QmPk63861E1DUwBrgaV4guQACrnhGM7NnyZGd7VHn2m8q5 0x8445165437cb63affb2f143378d0ec63e0249582 1583423166422 [131,18]
=> 2 of 401: #Fixed# QmXbsxSJrtpBKRvwaxupHRD2AjBr4cRBMfctZd8ecLzbdN 0x8d4a025f44c0fc80e0647cf8480f9c937e059b23 1583389964607 [149,-40]
=> 3 of 401: #Fixed# QmYVFDkBukFv1CUivEE8gExpFUAMwJ5a3KFnxQDiUxYZXK 0xa7c825bb8c2c4d18288af8efe38c8bf75a1aab51 1583375184237 [-75,71,-75,72,-75,73,-75,74,-75,75,-75,76,-75,77,-75,78,-76,76,-76,77,-76,78,-77,76,-78,76,-79,76,-80,74,-80,75,-80,76,-80,77,-80,78]
=> 4 of 401: #Fixed# QmTNdiQwcQm7DZKJmw7zKX6BqZjYpfLewXsGnEqJm9MUzV 0xa7c825bb8c2c4d18288af8efe38c8bf75a1aab51 1583372428035 [-75,71,-75,72,-75,73,-75,74,-75,75,-75,76,-75,77,-75,78,-76,76,-76,77,-76,78,-77,76,-78,76,-79,76,-80,74,-80,75,-80,76,-80,77,-80,78]
=> 5 of 401: #Fixed# QmQBfhHGR3LnFyYAYWCAHRo28mNkFn3qogY9Yrdabb7Nqh 0xa7c825bb8c2c4d18288af8efe38c8bf75a1aab51 1583362756434 [-75,71,-75,72,-75,73,-75,74,-75,75,-75,76,-75,77,-75,78,-76,76,-76,77,-76,78,-77,76,-78,76,-79,76,-80,74,-80,75,-80,76,-80,77,-80,78]
=> 6 of 401: #Fixed# QmP7HNGJjw4HQGXsRwGyd8jEyPCa8h44F694PrS2vKjvRD 0xdc13378dafca7fe2306368a16bcfac38c80bfcad 1583359609151 [40,6,40,7,40,8,40,9,41,6,41,7,41,8,41,9,42,6,42,7,42,8,42,9,43,6,43,7,43,8,43,9,44,6,44,7,44,8,44,9,45,6,45,7,45,8,45,9]
=> 7 of 401: #Fixed# QmdXGvYJHJsdYGo8HQBSMtWPpfsQdiK5H2MX4Wn1upza7c 0xa7c825bb8c2c4d18288af8efe38c8bf75a1aab51 1583356994536 [-75,71,-75,72,-75,73,-75,74,-75,75,-75,76,-75,77,-75,78,-76,76,-76,77,-76,78,-77,76,-78,76,-79,76,-80,74,-80,75,-80,76,-80,77,-80,78]
=> 8 of 401: #Fixed# QmY5YKmjGVwCXyfHhgfUv5D66VZviSeBMzSmEuoYaa17r6 0xDc13378daFca7Fe2306368A16BCFac38c80BfCAD 1583334397115 [40,6,40,7,40,8,40,9,41,6,41,7,41,8,41,9,42,6,42,7,42,8,42,9,43,6,43,7,43,8,43,9,44,6,44,7,44,8,44,9,45,6,45,7,45,8,45,9]
=> 9 of 401: #Fixed# QmUxaHkG5vtj7rKmPjXMQyQm3ismhbPcTCpM1Ggs9ugAwK 0xDc13378daFca7Fe2306368A16BCFac38c80BfCAD 1583334194433 [40,6,40,7,40,8,40,9,41,6,41,7,41,8,41,9,42,6,42,7,42,8,42,9,43,6,43,7,43,8,43,9,44,6,44,7,44,8,44,9,45,6,45,7,45,8,45,9]
=> 10 of 401: #Fixed# QmWQSNuPvFG2dsMNXNfBvfvJippht326mCvbrpCHcvmvZN 0x7D8391A9d2199B3aFA76e7824164503Bb2fCc4Bd 1583304107111 [35,-71,35,-70,35,-69,35,-68,36,-71,36,-70,36,-69,36,-68,37,-71,37,-70,37,-69,37,-68]
=> 11 of 401: #Fixed# QmSFEapvg46DWiiUhUfQvzryXjR4VCBLun6dfevCSYdRCc 0x7D8391A9d2199B3aFA76e7824164503Bb2fCc4Bd 1583303071773 [35,-71,35,-70,35,-69,35,-68,36,-71,36,-70,36,-69,36,-68,37,-71,37,-70,37,-69,37,-68]
=> 12 of 401: #Fixed# QmQwsGGSrJk2mPAM8hZe71mxbTpC8344aoVXHxigW2Eqgt 0x7D8391A9d2199B3aFA76e7824164503Bb2fCc4Bd 1583302183313 [35,-71,35,-70,35,-69,35,-68,36,-71,36,-70,36,-69,36,-68,37,-71,37,-70,37,-69,37,-68]
=> 13 of 401: #Fixed# QmVQM4rdfNDwEmgvvj8KbfsXrzYyWwKoPawqpUAvKsMQRj 0xD55a6eeA9947ADfee9cadBFfEDEaDE3283fefE22 1583269838525 [-5,-128,-5,-127,-4,-128,-4,-127]
=> 14 of 401: #Fixed# QmPGSFPYXPwqfrCHFJoZ5YgvH5G2q8Vyvp1CjSPLfKf8ww 0x7979dbb8001e49561dda0d9731d86250f71d8014 1583241331526 [-84,14,-84,15,-84,16,-84,17,-84,18,-84,19,-83,14,-83,15,-83,16,-83,17,-83,18,-83,19,-82,14,-82,15,-82,16,-82,17,-82,18,-82,19,-81,14,-81,15,-81,16,-81,17,-81,18,-81,19,-80,14,-80,15,-80,16,-80,17,-80,18,-80,19]
=> 15 of 401: #Fixed# QmerUeuRLGyAam1gxEqPao2bEXvwqcyPag6MbpoFHs8Rix 0xe2b6024873d218b2e83b462d3658d8d7c3f55a18 1583170172521 [52,-71,52,-70,52,-69,52,-68,52,-67,52,-66,52,-65,52,-64,52,-63,52,-62,52,-61,52,-60,52,-59,52,-58,52,-57,52,-56,52,-55,52,-54,52,-53,52,-52,53,-71,53,-70,53,-69,53,-68,53,-67,53,-66,53,-65,53,-64,53,-63,53,-62,53,-61,53,-60,53,-59,53,-58,53,-57,53,-56,53,-55,53,-54,53,-53,53,-52,54,-71,54,-70,54,-69,54,-68,54,-67,54,-66,54,-65,54,-64,54,-63,54,-62,54,-61,54,-60,54,-59,54,-58,54,-57,54,-56,54,-55,54,-54,54,-53,54,-52,55,-71,55,-70,55,-69,55,-68,55,-67,55,-66,55,-65,55,-64,55,-63,55,-62,55,-61,55,-60,55,-59,55,-58,55,-57,55,-56,55,-55,55,-54,55,-53,55,-52,56,-71,56,-70,56,-69,56,-68,56,-67,56,-66,56,-65,56,-64,56,-63,56,-62,56,-61,56,-60,56,-59,56,-58,56,-57,56,-56,56,-55,56,-54,56,-53,56,-52,57,-71,57,-70,57,-69,57,-68,57,-67,57,-66,57,-65,57,-64,57,-63,57,-62,57,-61,57,-60,57,-59,57,-58,57,-57,57,-56,57,-55,57,-54,57,-53,57,-52,58,-71,58,-70,58,-69,58,-68,58,-67,58,-66,58,-65,58,-64,58,-63,58,-62,58,-61,58,-60,58,-59,58,-58,58,-57,58,-56,58,-55,58,-54,58,-53,58,-52,59,-71,59,-70,59,-69,59,-68,59,-67,59,-66,59,-65,59,-64,59,-63,59,-62,59,-61,59,-60,59,-59,59,-58,59,-57,59,-56,59,-55,59,-54,59,-53,59,-52,60,-71,60,-70,60,-69,60,-68,60,-67,60,-66,60,-65,60,-64,60,-63,60,-62,60,-61,60,-60,60,-59,60,-58,60,-57,60,-56,60,-55,60,-54,60,-53,60,-52,61,-71,61,-70,61,-69,61,-68,61,-67,61,-66,61,-65,61,-64,61,-63,61,-62,61,-61,61,-60,61,-59,61,-58,61,-57,61,-56,61,-55,61,-54,61,-53,61,-52,62,-71,62,-70,62,-69,62,-68,62,-67,62,-66,62,-65,62,-64,62,-63,62,-62,62,-61,62,-60,62,-59,62,-58,62,-57,62,-56,62,-55,62,-54,62,-53,62,-52,63,-71,63,-70,63,-69,63,-68,63,-67,63,-66,63,-65,63,-64,63,-63,63,-62,63,-61,63,-60,63,-59,63,-58,63,-57,63,-56,63,-55,63,-54,63,-53,63,-52,64,-71,64,-70,64,-69,64,-68,64,-67,64,-66,64,-65,64,-64,64,-63,64,-62,64,-61,64,-60,64,-59,64,-58,64,-57,64,-56,64,-55,64,-54,64,-53,64,-52,65,-71,65,-70,65,-69,65,-68,65,-67,65,-66,65,-65,65,-64,65,-63,65,-62,65,-61,65,-60,65,-59,65,-58,65,-57,65,-56,65,-55,65,-54,65,-53,65,-52,66,-71,66,-70,66,-69,66,-68,66,-67,66,-66,66,-65,66,-64,66,-63,66,-62,66,-61,66,-60,66,-59,66,-58,66,-57,66,-56,66,-55,66,-54,66,-53,66,-52,67,-71,67,-70,67,-69,67,-68,67,-67,67,-66,67,-65,67,-64,67,-63,67,-62,67,-61,67,-60,67,-59,67,-58,67,-57,67,-56,67,-55,67,-54,67,-53,67,-52,68,-71,68,-70,68,-69,68,-68,68,-67,68,-66,68,-65,68,-64,68,-63,68,-62,68,-61,68,-60,68,-59,68,-58,68,-57,68,-56,68,-55,68,-54,68,-53,68,-52,69,-71,69,-70,69,-69,69,-68,69,-67,69,-66,69,-65,69,-64,69,-63,69,-62,69,-61,69,-60,69,-59,69,-58,69,-57,69,-56,69,-55,69,-54,69,-53,69,-52,70,-71,70,-70,70,-69,70,-68,70,-67,70,-66,70,-65,70,-64,70,-63,70,-62,70,-61,70,-60,70,-59,70,-58,70,-57,70,-56,70,-55,70,-54,70,-53,70,-52,71,-71,71,-70,71,-69,71,-68,71,-67,71,-66,71,-65,71,-64,71,-63,71,-62,71,-61,71,-60,71,-59,71,-58,71,-57,71,-56,71,-55,71,-54,71,-53,71,-52]
=> 16 of 401: #Fixed# QmU6gGP3vz8HL5HY23mTMKkPgah35WEw14UiXuP6BomBmb 0xe2b6024873d218b2e83b462d3658d8d7c3f55a18 1583169878361 [59,-71]
=> 17 of 401: #Fixed# QmSLEioy5d6L6T9f1GfGtYzzyxuN1oRi93S7sBND4qicve 0xe2b6024873d218b2e83b462d3658d8d7c3f55a18 1583161292390 [61,-67]
=> 18 of 401: #Fixed# Qmf5zK2XtWSWGBn7pEGh3GiBJF4G4aqpny2ZBCMRaE2Hyq 0xe2b6024873d218b2e83b462d3658d8d7c3f55a18 1583156832577 [61,-67]
=> 19 of 401: #Fixed# QmS6JiQUjPKSL4i63sXAYvN1srSR8eQBtBF8yFrfezANKm 0xe2b6024873d218b2e83b462d3658d8d7c3f55a18 1583156649750 [61,-67]
=> 20 of 401: #Fixed# QmPGFgmZPqSKnYuGgQP1fLrmLEwX5a4zviGxvwQbzaNtQk 0xa7c825bb8c2c4d18288af8efe38c8bf75a1aab51 1583094634448 [-75,71,-75,72,-75,73,-75,74,-75,75,-75,76,-75,77,-75,78,-76,76,-76,77,-76,78,-77,76,-78,76,-79,76,-80,74,-80,75,-80,76,-80,77,-80,78]
=> 21 of 401: #Fixed# QmXoViMxt1kCZna8QMS189TGViYeWC5HYRSnANJDRQgB5z 0xAaBe0ecFaf9e028d63cf7ea7E772CF52d662691A 1583092201693 [-141,-81]
=> 22 of 401: #Fixed# QmXqvLXMbqP6n2BfEa1VhMRYvJn9BNXtPx6riUmnRPK8eB 0xAaBe0ecFaf9e028d63cf7ea7E772CF52d662691A 1583092093297 [-141,-81]
=> 23 of 401: #Fixed# QmULK31waqaoLw6oP1Sq5DY7LkG1bijDEYpLuHQk4B1zXz 0xb5a476a5967faf387bbbcd22754f0a2cd83b59a5 1583037502318 [-70,1,-70,2,-70,3,-70,4,-70,5,-70,6,-70,7,-70,8,-70,9,-70,10,-69,1,-69,2,-69,3,-69,4,-69,5,-69,6,-69,7,-69,8,-69,9,-69,10,-68,1,-68,2,-68,3,-68,4,-68,5,-68,6,-68,7,-68,8,-68,9,-68,10,-67,1,-67,2,-67,3,-67,4,-67,5,-67,6,-67,7,-67,8,-67,9,-67,10,-66,1,-66,2,-66,3,-66,4,-66,5,-66,6,-66,7,-66,8,-66,9,-66,10,-65,1,-65,2,-65,3,-65,4,-65,5,-65,6,-65,7,-65,8,-65,9,-65,10,-64,1,-64,2,-64,3,-64,4,-64,5,-64,6,-64,7,-64,8,-64,9,-64,10,-63,1,-63,2,-63,3,-63,4,-63,5,-63,6,-63,7,-63,8,-63,9,-63,10,-62,1,-62,2,-62,3,-62,4,-62,5,-62,6,-62,7,-62,8,-62,9,-62,10,-61,1,-61,2,-61,3,-61,4,-61,5,-61,6,-61,7,-61,8,-61,9,-61,10,-60,1,-60,2,-60,3,-60,4,-60,5,-60,6,-60,7,-60,8,-60,9,-60,10,-59,1,-59,2,-59,3,-59,4,-59,5,-59,6,-59,7,-59,8,-59,9,-59,10,-58,1,-58,2,-58,3,-58,4,-58,5,-58,6,-58,7,-58,8,-58,9,-58,10,-57,1]
=> 24 of 401: #Fixed# QmPdpkutupE9dC2r2AdGmx3PQCTvtBFYAtFySyFr9HFn39 0x909f12df377343d0d935500da28530f9876f9f0a 1582976607459 [58,134,59,134,58,133,59,133]
=> 25 of 401: #Fixed# QmXRqP9QGXKACfVa7TgLKLKiTh8WhK6EnwqgNG7f8M72g8 0x909f12df377343d0d935500da28530f9876f9f0a 1582976346830 [58,134,59,134,58,133,59,133]
=> 26 of 401: #Fixed# QmaFiPvewvEPeyXKW2bckg5zrkTYcB1LY6ruEKzp49UTLq 0x909f12df377343d0d935500da28530f9876f9f0a 1582976186797 [58,134,59,134,58,133,59,133]
=> 27 of 401: #Fixed# QmNooeWorXgjkzaR4ncv2KSsSZUghUZ3wAqFGxZ5HujAco 0xa1596e5841000bee04238f119e918b02ea6ec47b 1582932797605 [1,108,1,109,1,110,1,111,2,108,2,109,2,110,2,111,3,108,3,109,3,110,3,111]
=> 28 of 401: #Fixed# QmQNSNWqGL2YGiZgJGJK5U7jixSsBZeCbqHCd8RhXfi3Te 0xa1596e5841000bee04238f119e918b02ea6ec47b 1582932460008 [1,108,1,109,1,110,1,111,2,108,2,109,2,110,2,111,3,108,3,109,3,110,3,111]
=> 29 of 401: #Fixed# QmeXZkh56kt4CkkJzu7qnmk1BSWjfM98JyhP9rSdpUny35 0xa1596e5841000bee04238f119e918b02ea6ec47b 1582931727851 [1,108,1,109,1,110,1,111,2,108,2,109,2,110,2,111,3,108,3,109,3,110,3,111]
=> 30 of 401: #Fixed# QmRkyfXW9oTQfd31V5TEctAwzZNd3YuPAR7xNNZYaUBd8f 0xa1596e5841000bee04238f119e918b02ea6ec47b 1582931604678 [1,108,1,109,1,110,1,111,2,108,2,109,2,110,2,111,3,108,3,109,3,110,3,111]
=> 31 of 401: #Fixed# QmbidUtJbbu2CJ52GHMYavQtFPYSC8ebwUeHkiK741xZxE 0xa1596e5841000bee04238f119e918b02ea6ec47b 1582930842378 [1,108,1,109,1,110,1,111,2,108,2,109,2,110,2,111,3,108,3,109,3,110,3,111]
=> 32 of 401: #Fixed# QmYA2mkQUcVdfy47bmUruB1NtgxJqcoGq97njkURUUjyWT 0xa1596e5841000bee04238f119e918b02ea6ec47b 1582929136315 [1,108,1,109,1,110,1,111,2,108,2,109,2,110,2,111,3,108,3,109,3,110,3,111]
=> 33 of 401: #Fixed# QmbmoX87Dk873XpHcRFz79cPBjDmUfAdMc5gUD7WLgrrxX 0xAaBe0ecFaf9e028d63cf7ea7E772CF52d662691A 1582859919281 [-141,-81]
=> 34 of 401: #Fixed# QmPzc4nWviwg7drgxnPBLJN5M94vp9L88cqQdSxXpKBrdi 0xaabe0ecfaf9e028d63cf7ea7e772cf52d662691a 1582859902104 [-141,-81]
=> 35 of 401: #Fixed# QmNuhG17XHvDJiyefdyh8aep7fUqBdPQ1aWaFi9BRmzmtG 0x909f12df377343d0d935500da28530f9876f9f0a 1582850238947 [58,134,59,134,58,133,59,133]
=> 36 of 401: #Fixed# QmciAnfE4Fs62HfomQ4uTXcxvTYeYNSxU9V7gPmEGrLkGU 0x909f12df377343d0d935500da28530f9876f9f0a 1582849890926 [58,134,59,134,58,133,59,133]
=> 37 of 401: #Fixed# QmWhmWmxYx2br2DCrv52oxWAy7yuCYt1Yeq3K1pw2PC1EY 0x909f12df377343d0d935500da28530f9876f9f0a 1582849602396 [58,134,59,134,58,133,59,133]
=> 38 of 401: #Fixed# Qmd2VA7F2R7MrhAeEfJvJ7nvHRLAQmWHwHBA9S5qUtDuBP 0x909f12df377343d0d935500da28530f9876f9f0a 1582838881470 [58,134,59,134,58,133,59,133]
=> 39 of 401: #Fixed# Qmba55JoKy5v6ZB9PKGz8rTDr9DyJT7NtBCV6pXpa5XpTH 0x909f12df377343d0d935500da28530f9876f9f0a 1582838378994 [58,134,59,134,58,133,59,133]
=> 40 of 401: #Fixed# QmUrJsrDGQXmuHxCwpTGJb6P74UPEbNYEjmWGTHix1PiV8 0x8c3a67c709062d6c0144641216aba5a27d620a98 1582837245072 [2,106]
=> 41 of 401: #Fixed# QmdvDfaAV8d69pZY6GiJrWkn6HnAQQ39b4Pt52YLiSBUPg 0x8c3a67c709062d6c0144641216aba5a27d620a98 1582837062798 [10,97]
=> 42 of 401: #Fixed# QmRnNXps9Q1witr2CKScZ3Mqcm8tKRLGandxTLbp68qwfu 0x8c3a67c709062d6c0144641216aba5a27d620a98 1582835253135 [10,97]
=> 43 of 401: #Fixed# QmRwRu8Gx4nZAA68nWcj8YWRTj1isq5rCtpr5XL7B2HjYc 0x8c3a67c709062d6c0144641216aba5a27d620a98 1582834546214 [2,106]
=> 44 of 401: #Fixed# Qma1t79hyfLF28pRWvrFVVpJmoscUNbbGzaUNVskvYCJBC 0xaabe0ecfaf9e028d63cf7ea7e772cf52d662691a 1582822660314 [-141,-81]
=> 45 of 401: #Fixed# QmXwjNam8nG2cRHqSbVKzrUseKzDMz9oNvVqfhu5Z2z6uK 0xe2b6024873d218B2E83B462D3658D8D7C3f55a18 1582812029318 [-143,-87]
=> 46 of 401: #Fixed# QmW12475UEy15wGw3TzSwb9bf8zkVTTFfS3yKZhRPm1555 0x909f12df377343d0d935500da28530f9876f9f0a 1582806877291 [58,134,59,134,58,133,59,133]
=> 47 of 401: #Fixed# QmR5DqL43aZahiquSxk292kPEzmkGvkmSXeGQNSNSkfga5 0xe2b6024873d218B2E83B462D3658D8D7C3f55a18 1582804767484 [-143,-87]
=> 48 of 401: #Fixed# QmZbwQd3iDVuaMfAeKFbDXyBH4mXen1tbM6Wieqmbb52s4 0x8d4a025f44c0fc80e0647cf8480f9c937e059b23 1582777553144 [149,-40]
=> 49 of 401: #Fixed# QmSnT6BrnrMfXi4LiE1NEc83Z7pczSWpyVBmM7gqJkqe6h 0x8d4a025f44c0fc80e0647cf8480f9c937e059b23 1582776994306 [149,-40]
=> 50 of 401: #Fixed# QmQSgeccZ8WcTp9J9FfxTsNutpkgyBhWpayrLqxgRUUAun 0x8d4a025f44c0fc80e0647cf8480f9c937e059b23 1582757767305 [149,-40]
=> 51 of 401: #Fixed# QmUXdxZ4CnUNiF4EMBvx1zLpN5LiiBnVRfXEYy87ypTeji 0xe2b6024873d218B2E83B462D3658D8D7C3f55a18 1582741118544 [-143,-87]
=> 52 of 401: #Fixed# QmQQEwTqPLrmtDGvruV3AheqXm9wiqvCWT6cQNPVbmUuhX 0xa7c825bb8c2c4d18288af8efe38c8bf75a1aab51 1582686901032 [-75,71,-75,72,-75,73,-75,74,-75,75,-75,76,-75,77,-75,78,-76,76,-76,77,-76,78,-77,76,-78,76,-79,76,-80,74,-80,75,-80,76,-80,77,-80,78]
=> 53 of 401: #Fixed# QmVsGXMZBFoEjycZhY7M9tJFReqkUKyZ8JtMHmoK2FvvRb 0x0bDd97A394F83b09b3158e5d00f667E9D81cc282 1582677379494 [-71,-111]
=> 54 of 401: #Fixed# QmPvQYayzaFbpoVbJbnCMQuJb1qvm96McDFv46Ehg6NXVi 0x692D38d0Bef1519Db272E3D6aBE2C233b976567b 1582636983767 [94,33,94,34,95,33,95,34]
=> 55 of 401: #Fixed# QmNhoM8UZqEP11xhpbVVg1qLnPZQfFyex6N4YjGQmBCsoy 0xAaBe0ecFaf9e028d63cf7ea7E772CF52d662691A 1582586852943 [-141,-81]
=> 56 of 401: #Fixed# QmPNeZwhjrguXrmq1XR13Zjvm3DhhqgKNP7547fMmousZE 0xaabe0ecfaf9e028d63cf7ea7e772cf52d662691a 1582586834740 [-141,-81]
=> 57 of 401: #Fixed# QmRSFuUFco6fo8n5bxXRoHcht2DkGBGjf2XAiGq42DQTxb 0xaabe0ecfaf9e028d63cf7ea7e772cf52d662691a 1582579501736 [-141,-81]
=> 58 of 401: #Fixed# Qmat9HJy8EKUYzCkrQ8FSjovf4eeRWDu9BpRYYNzSgr9jd 0x8c3a67c709062d6c0144641216aba5a27d620a98 1582565353190 [2,106]
=> 59 of 401: #Fixed# QmNw3bYk6GmMXf14fJk3GFmfAEYtxUBGaF9UGTMU5YSFSm 0x8c3a67c709062d6c0144641216aba5a27d620a98 1582564240357 [10,97]
=> 60 of 401: #Fixed# QmR7LFXZpveAZ8HM5sZB9NEpr474qE3gjvLSRqcUcxFZ8e 0x5ba4ce8bc7c1c005a72a6b0879c60e9726a72ee6 1582534029770 [-35,-110]
=> 61 of 401: #Fixed# QmdLddPkx1TY3wTey9pMo3HXyFL3rkYCBQenJ6NzZBivfZ 0xb5a476a5967faf387bbbcd22754f0a2cd83b59a5 1582494155707 [-70,1,-70,2,-70,3,-70,4,-70,5,-70,6,-70,7,-70,8,-70,9,-70,10,-69,1,-69,2,-69,3,-69,4,-69,5,-69,6,-69,7,-69,8,-69,9,-69,10,-68,1,-68,2,-68,3,-68,4,-68,5,-68,6,-68,7,-68,8,-68,9,-68,10,-67,1,-67,2,-67,3,-67,4,-67,5,-67,6,-67,7,-67,8,-67,9,-67,10,-66,1,-66,2,-66,3,-66,4,-66,5,-66,6,-66,7,-66,8,-66,9,-66,10,-65,1,-65,2,-65,3,-65,4,-65,5,-65,6,-65,7,-65,8,-65,9,-65,10,-64,1,-64,2,-64,3,-64,4,-64,5,-64,6,-64,7,-64,8,-64,9,-64,10,-63,1,-63,2,-63,3,-63,4,-63,5,-63,6,-63,7,-63,8,-63,9,-63,10,-62,1,-62,2,-62,3,-62,4,-62,5,-62,6,-62,7,-62,8,-62,9,-62,10,-61,1,-61,2,-61,3,-61,4,-61,5,-61,6,-61,7,-61,8,-61,9,-61,10,-60,1,-60,2,-60,3,-60,4,-60,5,-60,6,-60,7,-60,8,-60,9,-60,10,-59,1,-59,2,-59,3,-59,4,-59,5,-59,6,-59,7,-59,8,-59,9,-59,10,-58,1,-58,2,-58,3,-58,4,-58,5,-58,6,-58,7,-58,8,-58,9,-58,10,-57,1]
=> 62 of 401: #Fixed# QmRHyMyjF83HzeagrLWb3fiRQaJK7vx5r4gyqPbtEboKMx 0xe2b6024873d218b2e83b462d3658d8d7c3f55a18 1582488298915 [-148,-35,-148,-34,-148,-33,-147,-35,-147,-34,-147,-33,-146,-35,-146,-34,-146,-33]
=> 63 of 401: #Fixed# QmXSY7dRGLmpYziLuQ5auBJduhCmRDi18KptPTGqzYzcLT 0xe2b6024873d218b2e83b462d3658d8d7c3f55a18 1582485415925 [-148,-35,-148,-34,-148,-33,-147,-35,-147,-34,-147,-33,-146,-35,-146,-34,-146,-33]
=> 64 of 401: #Fixed# QmeigCJ1tMHvCfzUDmMGTLmxfN9kuc6ryn5HctmQCRhBR9 0xe2b6024873d218b2e83b462d3658d8d7c3f55a18 1582484420296 [-148,-35,-148,-34,-148,-33,-147,-35,-147,-34,-147,-33,-146,-35,-146,-34,-146,-33]
=> 65 of 401: #Fixed# QmTnHPNVtTUtSFnNgp5Mib9ka5Yu9fSjSGwmPKiqPmeth9 0xe2b6024873d218b2e83b462d3658d8d7c3f55a18 1582481631780 [-148,-35,-148,-34,-148,-33,-147,-35,-147,-34,-147,-33,-146,-35,-146,-34,-146,-33]
=> 66 of 401: #Fixed# QmP99HXoHB5CS8pXHTPVW6VZu3wmzYDNF7uViaVkCadqL3 0xe2b6024873d218b2e83b462d3658d8d7c3f55a18 1582473381323 [-148,-35,-148,-34,-148,-33,-147,-35,-147,-34,-147,-33,-146,-35,-146,-34,-146,-33]
=> 67 of 401: #Fixed# QmTS9sBDd5oYzLYbbNJiQ4TMJWNddCfaTBJAM7YvvCYpcj 0xe2b6024873d218b2e83b462d3658d8d7c3f55a18 1582471807891 [-148,-35,-148,-34,-148,-33,-147,-35,-147,-34,-147,-33,-146,-35,-146,-34,-146,-33]
=> 68 of 401: #Fixed# QmdSVAmAWiKfAEXgy8NxPvjdUAYPQf354aJhGubWudbPzf 0x5ba4ce8bc7c1c005a72a6b0879c60e9726a72ee6 1582452260596 [-35,-110]
=> 69 of 401: #Fixed# QmNUybXFpYNrCUBqicgvWZgfXJwNe5nqmiR2q3bu9TK9d5 0x692D38d0Bef1519Db272E3D6aBE2C233b976567b 1582447786406 [94,33,94,34,95,33,95,34]
=> 70 of 401: #Fixed# QmQFTCfU6qDsWDrz6Fx9RCKsZb6TjvXgAXvE1gXM6WGYPv 0x91e222Ed7598eFBCFE7190481f2fd14897E168c8 1582410725172 [-30,53,-30,54,-30,55,-30,56,-30,57]
=> 71 of 401: #Fixed# QmQG6497orjRUQjvRe32JvCKx74ut2VvNxQEgBLRy1b3xj 0xdc13378dafca7fe2306368a16bcfac38c80bfcad 1582374916593 [-35,-42,-35,-41,-35,-40,-35,-39,-35,-38,-34,-42,-34,-41,-34,-40,-34,-39,-34,-38,-33,-42,-33,-41,-33,-40,-33,-39,-33,-38,-32,-42,-32,-41,-32,-40,-32,-39,-32,-38,-31,-42,-31,-41,-31,-40,-31,-39,-31,-38,-30,-42,-30,-41,-30,-40,-30,-39,-30,-38]
=> 72 of 401: #Fixed# QmRen8bBAYwR9U61cYcP4GRPMBL1ent5bB4wqy9jmSPfeo 0xdc13378dafca7fe2306368a16bcfac38c80bfcad 1582374006008 [-32,-44,-32,-43,-32,-42,-31,-44,-31,-43,-31,-42,-30,-44,-30,-43,-30,-42,-29,-44,-29,-43,-29,-42,-28,-44,-28,-43,-28,-42]
=> 73 of 401: #Fixed# QmUB5Uu6tYmpBK2kGtbEEtMb2SBhqxBRkLDHZzdiWEA1JN 0xAaBe0ecFaf9e028d63cf7ea7E772CF52d662691A 1582357767470 [-141,-81]
=> 74 of 401: #Fixed# QmTqbYu47ZD2N49kSSTqYmaZBKc92Sn49Rpiejt9YxKukZ 0xAaBe0ecFaf9e028d63cf7ea7E772CF52d662691A 1582357126235 [-141,-81]
=> 75 of 401: #Fixed# QmNZ77eKNz6CgtiVs6MSrgptz7uR7Gqyusar5byi9d3Nzq 0xAaBe0ecFaf9e028d63cf7ea7E772CF52d662691A 1582356384615 [-141,-81]
=> 76 of 401: #Fixed# QmNkbHDJ8F39xngpKWUJjFQLoCnvS2My4kN5Co6fnvG846 0xa1596e5841000bee04238f119e918b02ea6ec47b 1582335912856 [1,108,1,109,1,110,1,111,2,108,2,109,2,110,2,111,3,108,3,109,3,110,3,111]
=> 77 of 401: #Fixed# QmbHTgri9xwMUtXQk7xWxhksYBZVYWNMsdm3WF5M7cEzgw 0xa1596e5841000bee04238f119e918b02ea6ec47b 1582335368292 [1,108,1,109,1,110,1,111,2,108,2,109,2,110,2,111,3,108,3,109,3,110,3,111]
=> 78 of 401: #Fixed# QmfUL9syND7zMLLrxBFpcY8hp14WJsdfJZBiz4xesDDnzM 0xa1596e5841000bee04238f119e918b02ea6ec47b 1582331161329 [1,108,1,109,1,110,1,111,2,108,2,109,2,110,2,111,3,108,3,109,3,110,3,111]
=> 79 of 401: #Fixed# QmSJB6ktxeFaGtptqU2aQAHBQBSxpHNTNb1LPsy6Mf4f4b 0xa7c825bb8c2c4d18288af8efe38c8bf75a1aab51 1582310423538 [-75,71,-75,72,-75,73,-75,74,-75,75,-75,76,-75,77,-75,78,-76,76,-76,77,-76,78,-77,76,-78,76,-79,76,-80,74,-80,75,-80,76,-80,77,-80,78]
=> 80 of 401: #Fixed# QmQBo35tBV2F4gsf5mL7bjrepv9xRAsJ4WWY1omECwYh2v 0xdc13378dafca7fe2306368a16bcfac38c80bfcad 1582299921122 [-40,-49,-40,-48,-40,-47,-40,-46,-40,-45,-40,-44,-40,-43,-40,-42,-39,-49,-39,-48,-39,-47,-39,-46,-39,-45,-39,-44,-39,-43,-39,-42,-38,-49,-38,-48,-38,-47,-38,-46,-38,-45,-38,-44,-38,-43,-38,-42,-37,-49,-37,-48,-37,-47,-37,-46,-37,-45,-37,-44,-37,-43,-37,-42]
=> 81 of 401: #Fixed# QmRfkmwHnSuDXazuoxFnTJLKKbgpFr7Wg5BtdtBBc74A1y 0xa1596e5841000bee04238f119e918b02ea6ec47b 1582293768209 [1,108,1,109,1,110,1,111,2,108,2,109,2,110,2,111,3,108,3,109,3,110,3,111]
=> 82 of 401: #Fixed# QmWDdEqnwNSicr8EDJ5vvy2tKBu2xHc4EwLgpqX2jAXmyy 0x91e222Ed7598eFBCFE7190481f2fd14897E168c8 1582287079726 [-30,53,-30,54,-30,55,-30,56,-30,57]
=> 83 of 401: #Fixed# QmYMP4NrFF1FkcMreBbwD7z32VjKsaMvnRnLMhFDB4pNRU 0xDc13378daFca7Fe2306368A16BCFac38c80BfCAD 1582286920219 [-12,-39,-12,-38,-12,-37,-12,-36,-11,-39,-11,-38,-11,-37,-11,-36,-10,-39,-10,-38,-10,-37,-10,-36,-9,-39,-9,-38,-9,-37,-9,-36]
=> 84 of 401: #Fixed# QmQ6QTi6usGUjg3h61aa593SQwiZ5NJVjCfZ4n6bteud91 0x91e222Ed7598eFBCFE7190481f2fd14897E168c8 1582286663253 [-30,53,-30,54,-30,55,-30,56,-30,57]
=> 85 of 401: #Fixed# QmeMnYKtW6vas9RUKUSgebYgSmAjMpViNvtbatcsxEHg8D 0x91e222Ed7598eFBCFE7190481f2fd14897E168c8 1582286247034 [-30,53,-30,54,-30,55,-30,56,-30,57]
=> 86 of 401: #Fixed# QmfEk62c2bTDCiNZ2Hsg6XXXsC9Gzo9J4WGXJVEYRdWEFc 0x909f12df377343d0d935500da28530f9876f9f0a 1582244442230 [58,134,59,134,58,133,59,133]
=> 87 of 401: #Fixed# QmUdBaTrYkxk91Gyvior9AZMqTt4Qh9tyD7M7PYJKKn73a 0x909f12df377343d0d935500da28530f9876f9f0a 1582244403020 [58,134,59,134,58,133,59,133]
=> 88 of 401: #Fixed# QmUzvp9zskdc3WEk6ys8snAbXNDup9cv5K19tkNpkCMQuB 0xa1596e5841000bee04238f119e918b02ea6ec47b 1582235148437 [1,108,1,109,1,110,1,111,2,108,2,109,2,110,2,111,3,108,3,109,3,110,3,111]
=> 89 of 401: #Fixed# QmQkTmwd1SBSecxj5CnDFCGm6L7TWi5c6be9dQZkWk5jaz 0xa1596e5841000bee04238f119e918b02ea6ec47b 1582234637236 [1,108,1,109,1,110,1,111,2,108,2,109,2,110,2,111,3,108,3,109,3,110,3,111]
=> 90 of 401: #Fixed# QmURy5Pz4yfAhkZeCFoqhz3CkWeKSDK6Ma8FzSzns4fYS2 0xa1596e5841000bee04238f119e918b02ea6ec47b 1582234568561 [1,108,1,109,1,110,1,111,2,108,2,109,2,110,2,111,3,108,3,109,3,110,3,111]
=> 91 of 401: #Fixed# QmWpX4mwPbd1pJN5tWWtpafdfwSfaEr4nQZydw2BVxqxiq 0xa1596e5841000bee04238f119e918b02ea6ec47b 1582233187568 [1,108,1,109,1,110,1,111,2,108,2,109,2,110,2,111,3,108,3,109,3,110,3,111]
=> 92 of 401: #Fixed# QmZBkxamUrbJeyzQxo2FCA6obpqtVBqbncg9ydNebmKnEr 0xa1596e5841000bee04238f119e918b02ea6ec47b 1582232852851 [1,108,1,109,1,110,1,111,2,108,2,109,2,110,2,111,3,108,3,109,3,110,3,111]
=> 93 of 401: #Fixed# QmVPreKuYD7mrTzmtkFDZWt9kujguWf53bHMH2qeUoyYFQ 0xa1596e5841000bee04238f119e918b02ea6ec47b 1582230467741 [1,108,1,109,1,110,1,111,2,108,2,109,2,110,2,111,3,108,3,109,3,110,3,111]
=> 94 of 401: #Fixed# QmSAS92s8YVfJE2QTVi3C4iczPYsbpxpzy41XikKcfTxQg 0xDc13378daFca7Fe2306368A16BCFac38c80BfCAD 1582226550822 [52,10,52,11,52,12,53,10,53,11,53,12,54,10,54,11,54,12,55,10,55,11,55,12,56,10,56,11,56,12]
=> 95 of 401: #Fixed# Qmazpi4v4HQcfYho28xExPGWxBmhPNJx2M6LoqRBLZ6fjX 0xDc13378daFca7Fe2306368A16BCFac38c80BfCAD 1582226390043 [-12,-39,-12,-38,-12,-37,-12,-36,-11,-39,-11,-38,-11,-37,-11,-36,-10,-39,-10,-38,-10,-37,-10,-36,-9,-39,-9,-38,-9,-37,-9,-36]
=> 96 of 401: #Fixed# Qmb9MjNT83H7HAWqBGeNUMHyM8LBsorVzDkPWwXtbsEwW4 0xDc13378daFca7Fe2306368A16BCFac38c80BfCAD 1582226351172 [-49,-49,-49,-48,-49,-47,-49,-46,-49,-45,-49,-44,-48,-49,-48,-48,-48,-47,-48,-46,-48,-45,-48,-44,-47,-49,-47,-48,-47,-47,-47,-46,-47,-45,-47,-44]
=> 97 of 401: #Fixed# QmUBL1KYtB1CDmjXfZMwNLqQz5arhkJgeZwpqnNF73M9Ne 0x91e222Ed7598eFBCFE7190481f2fd14897E168c8 1582225647674 [-44,58,-44,59,-44,60,-44,61,-43,58,-43,59,-43,60,-43,61,-42,58,-42,59,-42,60,-42,61,-41,58,-41,59,-41,60,-41,61]
=> 98 of 401: #Fixed# QmUcJfU768gpUxp3SEAjEPqDTp5fZpTxWZ83v3xqvYSkwS 0xDc13378daFca7Fe2306368A16BCFac38c80BfCAD 1582225579845 [137,34,137,35,137,36,137,37,137,38,137,39,138,34,138,35,138,36,138,37,138,38,138,39,139,34,139,35,139,36,139,37,139,38,139,39,140,34,140,35,140,36,140,37,140,38,140,39,141,34,141,35,141,36,141,37,141,38,141,39]
=> 99 of 401: #Fixed# QmQBf4NM4vhpVbeQgNnatpDBVfLw39wBUW6br4PiC9iuR8 0xDc13378daFca7Fe2306368A16BCFac38c80BfCAD 1582225473056 [27,43,27,44,27,45,27,46,27,47,28,43,28,44,28,45,28,46,28,47,29,43,29,44,29,45,29,46,29,47]
=> 100 of 401: #Fixed# QmeJKKSvfL2J51CFamratuHAhhk7qX4BjuGp3HBhaqgGzg 0x91e222Ed7598eFBCFE7190481f2fd14897E168c8 1582225321469 [-44,58,-44,59,-44,60,-44,61,-43,58,-43,59,-43,60,-43,61,-42,58,-42,59,-42,60,-42,61,-41,58,-41,59,-41,60,-41,61]
=> 101 of 401: #Fixed# QmVKPTea9FJ1ZgG3XQxekHN4Qd6iTiXMjFQ3Q8MGnzZsUn 0xDc13378daFca7Fe2306368A16BCFac38c80BfCAD 1582225296206 [-34,-37,-34,-36,-34,-35,-33,-37,-33,-36,-33,-35,-32,-37,-32,-36,-32,-35,-31,-37,-31,-36,-31,-35,-30,-37,-30,-36,-30,-35]
=> 102 of 401: #Fixed# QmYGPiMbMDSAWVKvyQ6PKbpcNtQTmSLFszbby9GVjooabT 0xDc13378daFca7Fe2306368A16BCFac38c80BfCAD 1582225153641 [58,2,58,3,58,4,58,5,58,6,58,7,59,2,59,3,59,4,59,5,59,6,59,7,60,2,60,3,60,4,60,5,60,6,60,7,61,2,61,3,61,4,61,5,61,6,61,7,62,2,62,3,62,4,62,5,62,6,62,7]
=> 103 of 401: #Fixed# QmYBxqGXWpAfP8MdWpvAnxsLmmbWjEWMKy6pdJCn88QPC8 0xDc13378daFca7Fe2306368A16BCFac38c80BfCAD 1582225065567 [-11,-30,-11,-29,-11,-28,-11,-27,-11,-26,-11,-25,-11,-24,-11,-23,-10,-30,-10,-29,-10,-28,-10,-27,-10,-26,-10,-25,-10,-24,-10,-23,-9,-30,-9,-29,-9,-28,-9,-27,-9,-26,-9,-25,-9,-24,-9,-23,-8,-30,-8,-29,-8,-28,-8,-27,-8,-26,-8,-25,-8,-24,-8,-23]
=> 104 of 401: #Fixed# QmQYPQZ5yFrMwkKri55fZ7BxoUwjZ8vdbfN4en6QYSvE6x 0xDc13378daFca7Fe2306368A16BCFac38c80BfCAD 1582224065621 [57,8,57,9,57,10,57,11,57,12,58,8,58,9,58,10,58,11,58,12,59,8,59,9,59,10,59,11,59,12,60,8,60,9,60,10,60,11,60,12,61,8,61,9,61,10,61,11,61,12,62,8,62,9,62,10,62,11,62,12]
=> 105 of 401: #Fixed# QmSEd5JdPYBeMFjnF5jqdFumGAgpiomcAnc1KYjfaV77dt 0xDc13378daFca7Fe2306368A16BCFac38c80BfCAD 1582223212702 [84,17,84,18,85,17,85,18,86,17,86,18,87,17,87,18]
=> 106 of 401: #Fixed# QmfZMEBE3ansgREFPF94jWxZPnFmkoRrayd7Ls6MyQ7W1T 0xDc13378daFca7Fe2306368A16BCFac38c80BfCAD 1582223112997 [-3,-33,-3,-32,-3,-31,-2,-33,-2,-32,-2,-31,-1,-33,-1,-32,-1,-31]
=> 107 of 401: #Fixed# QmTLs35ASsM6wpfGNgWvFSvt4JJsyhAGX7rBUFbMkPUH6d 0xDc13378daFca7Fe2306368A16BCFac38c80BfCAD 1582221560740 [-11,-30,-11,-29,-11,-28,-11,-27,-11,-26,-11,-25,-11,-24,-11,-23,-10,-30,-10,-29,-10,-28,-10,-27,-10,-26,-10,-25,-10,-24,-10,-23,-9,-30,-9,-29,-9,-28,-9,-27,-9,-26,-9,-25,-9,-24,-9,-23,-8,-30,-8,-29,-8,-28,-8,-27,-8,-26,-8,-25,-8,-24,-8,-23]
=> 108 of 401: #Fixed# Qmc2cs5Fg5tSuVgBfsW62gkdSC55CJ1Wds6Pg6HsMDDGz8 0xDc13378daFca7Fe2306368A16BCFac38c80BfCAD 1582219783848 [-15,-22,-15,-21,-15,-20,-15,-19,-14,-22,-14,-21,-14,-20,-14,-19,-13,-22,-13,-21,-13,-20,-13,-19,-12,-22,-12,-21,-12,-20,-12,-19]
=> 109 of 401: #Fixed# QmR4UzoMVEbws3DEuUyvScCYYBNFiRTfqtYreRq6Z7yLV5 0xa7c825bb8c2c4d18288af8efe38c8bf75a1aab51 1582215254528 [-75,71,-75,72,-75,73,-75,74,-75,75,-75,76,-75,77,-75,78,-76,76,-76,77,-76,78,-77,76,-78,76,-79,76,-80,74,-80,75,-80,76,-80,77,-80,78]
=> 110 of 401: #Fixed# QmbQV9AeQH7vhGkbS8QfZVetE26DUkTvpCwhwvNDgbMGgJ 0x91e222Ed7598eFBCFE7190481f2fd14897E168c8 1582198806554 [-44,52,-43,52,-42,52,-41,52,-40,52,-39,52,-38,52,-37,52,-36,52,-35,52,-34,52,-33,52,-32,52,-31,52,-30,52,-29,52,-28,52,-27,52]
=> 111 of 401: #Fixed# QmVPBSpbcbPrqpoqquucZ95wjtLZG6w35Fw7UY7xfdd16W 0x91e222Ed7598eFBCFE7190481f2fd14897E168c8 1582198435377 [-45,57,-45,58,-45,59,-45,60,-45,61]
=> 112 of 401: #Fixed# QmP7emdnFSg9LLGn8bRNqij9bTHLbNW29rwrLeJooBbc2Y 0x91e222Ed7598eFBCFE7190481f2fd14897E168c8 1582198012798 [-47,62,-46,62,-45,62,-44,62,-43,62,-42,62,-41,62,-40,62]
=> 113 of 401: #Fixed# QmaSrgqj4KCfd7vMsyPGaNuA7xMvttbaMSwPi2Cj5TcXwg 0x91e222Ed7598eFBCFE7190481f2fd14897E168c8 1582197904402 [-24,55,-24,56,-24,57,-24,58,-24,59,-24,60]
=> 114 of 401: #Fixed# QmTszCwFmMkfqqY4YZqTQ6gUHNKU3QhEj75TTyzhA4uY5o 0x7979dbb8001e49561dda0d9731d86250f71d8014 1582197184951 [-84,14,-84,15,-84,16,-84,17,-84,18,-84,19,-83,14,-83,15,-83,16,-83,17,-83,18,-83,19,-82,14,-82,15,-82,16,-82,17,-82,18,-82,19,-81,14,-81,15,-81,16,-81,17,-81,18,-81,19,-80,14,-80,15,-80,16,-80,17,-80,18,-80,19]
=> 115 of 401: #Fixed# QmbnqV1BHyEkNUYgRQoUXx5SRByVA9LNM5SQ3ixxBnSHZm 0x91e222Ed7598eFBCFE7190481f2fd14897E168c8 1582197061832 [-34,59,-34,60,-34,61,-34,62,-33,59,-33,60,-33,61,-33,62,-32,59,-32,60,-32,61,-32,62,-31,59,-31,60,-31,61,-31,62,-30,59,-30,60,-30,61,-30,62,-29,59,-29,60,-29,61,-29,62]
=> 116 of 401: #Fixed# QmYarKihxXVCV5p5BCffaAcBtg1PpcLF11PB6aWAQP4KQG 0xDc13378daFca7Fe2306368A16BCFac38c80BfCAD 1582196416638 [36,45,36,46,36,47,36,48,37,45,37,46,37,47,37,48,38,45,38,46,38,47,38,48]
=> 117 of 401: #Fixed# QmQX1zXDeqwYfd1gDZBDWPQE6AnpnZi4tXZ77YHxB7iaJv 0xDc13378daFca7Fe2306368A16BCFac38c80BfCAD 1582196371565 [111,-13,111,-12,111,-11,111,-10,111,-9,111,-8,112,-13,112,-12,112,-11,112,-10,112,-9,112,-8,113,-13,113,-12,113,-11,113,-10,113,-9,113,-8,114,-13,114,-12,114,-11,114,-10,114,-9,114,-8,115,-13,115,-12,115,-11,115,-10,115,-9,115,-8]
=> 118 of 401: #Fixed# QmaNtmmUaiEfaacCdiLVkCpbJDWEjTV7oTC6Ez1xz8rYjm 0xDc13378daFca7Fe2306368A16BCFac38c80BfCAD 1582196354849 [52,2,52,3,52,4,53,2,53,3,53,4,54,2,54,3,54,4]
=> 119 of 401: #Fixed# QmYNpQn34AW9v9xiYdedCmQKNgNwrkrBhST1uihWTcJoR3 0xDc13378daFca7Fe2306368A16BCFac38c80BfCAD 1582196276995 [63,2,63,3,63,4,63,5,64,2,64,3,64,4,64,5,65,2,65,3,65,4,65,5,66,2,66,3,66,4,66,5,67,2,67,3,67,4,67,5,68,2,68,3,68,4,68,5]
=> 120 of 401: #Fixed# QmRSY3ufFx4kt3qWirEwwTWiBJnUunZvys2JFmZN6QnoKm 0xDc13378daFca7Fe2306368A16BCFac38c80BfCAD 1582196184452 [-55,1,-55,2,-55,3,-55,4,-54,1,-54,2,-54,3,-54,4,-53,1,-53,2,-53,3,-53,4,-52,1,-52,2,-52,3,-52,4]
=> 121 of 401: #Fixed# QmfSLo6JW7M8wAw3g88U7MKQPjYUG4JD5KVRkWkXMvBYSA 0xDc13378daFca7Fe2306368A16BCFac38c80BfCAD 1582196069139 [-35,-41,-35,-40,-35,-39,-35,-38,-35,-37,-35,-36,-34,-41,-34,-40,-34,-39,-34,-38,-34,-37,-34,-36,-33,-41,-33,-40,-33,-39,-33,-38,-33,-37,-33,-36,-32,-41,-32,-40,-32,-39,-32,-38,-32,-37,-32,-36,-31,-41,-31,-40,-31,-39,-31,-38,-31,-37,-31,-36]
=> 122 of 401: #Fixed# QmRSHkpady344owrs11FxpX9zdUAiYYBE7teSgccpgq8Gf 0xDc13378daFca7Fe2306368A16BCFac38c80BfCAD 1582195994114 [-49,-41,-49,-40,-49,-39,-49,-38,-48,-41,-48,-40,-48,-39,-48,-38,-47,-41,-47,-40,-47,-39,-47,-38,-46,-41,-46,-40,-46,-39,-46,-38,-45,-41,-45,-40,-45,-39,-45,-38,-44,-41,-44,-40,-44,-39,-44,-38,-43,-41,-43,-40,-43,-39,-43,-38,-42,-41,-42,-40,-42,-39,-42,-38]
=> 123 of 401: #Fixed# QmQiYc71ptKK5tSMBw5pSNDmdREz5NNNxPbayNcYUE1wJ5 0xDc13378daFca7Fe2306368A16BCFac38c80BfCAD 1582195853989 [-15,-22,-15,-21,-15,-20,-15,-19,-14,-22,-14,-21,-14,-20,-14,-19,-13,-22,-13,-21,-13,-20,-13,-19,-12,-22,-12,-21,-12,-20,-12,-19]
=> 124 of 401: #Fixed# QmZp21ZwpAFYVcDaL82x2RDfqsJbxCJEWCZsPCwBjkDyPP 0xDc13378daFca7Fe2306368A16BCFac38c80BfCAD 1582195824094 [-5,-16,-5,-15,-5,-14,-5,-13,-5,-12,-4,-16,-4,-15,-4,-14,-4,-13,-4,-12,-3,-16,-3,-15,-3,-14,-3,-13,-3,-12,-2,-16,-2,-15,-2,-14,-2,-13,-2,-12,-1,-16,-1,-15,-1,-14,-1,-13,-1,-12]
=> 125 of 401: #Fixed# QmNT3hzFyrxdLmifzP7Ztpt6Q8RYUVmbJgPDXjA6821Bci 0xDc13378daFca7Fe2306368A16BCFac38c80BfCAD 1582195755822 [-129,-141,-129,-140,-129,-139,-129,-138,-129,-137,-129,-136,-128,-141,-128,-140,-128,-139,-128,-138,-128,-137,-128,-136,-127,-141,-127,-140,-127,-139,-127,-138,-127,-137,-127,-136,-126,-141,-126,-140,-126,-139,-126,-138,-126,-137,-126,-136,-125,-141,-125,-140,-125,-139,-125,-138,-125,-137,-125,-136]
=> 126 of 401: #Fixed# QmWA1pmZ36ERq1n2Q4Ma2mnNKM7tp3Ndmw1kfZqWAYfZnw 0xDc13378daFca7Fe2306368A16BCFac38c80BfCAD 1582195634639 [52,10,52,11,52,12,53,10,53,11,53,12,54,10,54,11,54,12,55,10,55,11,55,12,56,10,56,11,56,12]
=> 127 of 401: #Fixed# QmbHVcUJo1ggdsCjeKcHXFZhMXtzz7k46P7ZacoFCF9gUS 0xDc13378daFca7Fe2306368A16BCFac38c80BfCAD 1582195591593 [-12,-39,-12,-38,-12,-37,-12,-36,-11,-39,-11,-38,-11,-37,-11,-36,-10,-39,-10,-38,-10,-37,-10,-36,-9,-39,-9,-38,-9,-37,-9,-36]
=> 128 of 401: #Fixed# QmQoJHQwV1uaFAuXnRqw44k9GnouXggbDxDd6L1735k8m1 0xDc13378daFca7Fe2306368A16BCFac38c80BfCAD 1582195566960 [-49,-49,-49,-48,-49,-47,-49,-46,-49,-45,-49,-44,-48,-49,-48,-48,-48,-47,-48,-46,-48,-45,-48,-44,-47,-49,-47,-48,-47,-47,-47,-46,-47,-45,-47,-44]
=> 129 of 401: #Fixed# QmPQ4MaejfyiQMCZN6k3X7fC3oR64Huo4k5rQbr5oW4Lqq 0xDc13378daFca7Fe2306368A16BCFac38c80BfCAD 1582195436847 [137,34,137,35,137,36,137,37,137,38,137,39,138,34,138,35,138,36,138,37,138,38,138,39,139,34,139,35,139,36,139,37,139,38,139,39,140,34,140,35,140,36,140,37,140,38,140,39,141,34,141,35,141,36,141,37,141,38,141,39]
=> 130 of 401: #Fixed# QmaPeDpwuXSsJLzcA7VkZCukKwibo4KHfmjgF9ZSJ31iyB 0xDc13378daFca7Fe2306368A16BCFac38c80BfCAD 1582195416969 [27,43,27,44,27,45,27,46,27,47,28,43,28,44,28,45,28,46,28,47,29,43,29,44,29,45,29,46,29,47]
=> 131 of 401: #Fixed# QmeGRFRDcrSp9LG3gGiaT8WbpcjCbwgDg67zKZMm2WfLd4 0xDc13378daFca7Fe2306368A16BCFac38c80BfCAD 1582195387674 [-34,-37,-34,-36,-34,-35,-33,-37,-33,-36,-33,-35,-32,-37,-32,-36,-32,-35,-31,-37,-31,-36,-31,-35,-30,-37,-30,-36,-30,-35]
=> 132 of 401: #Fixed# QmXUtZhnQujYz8izkPacBKA26PaGDLPSdFuzN2BhaYXcFB 0xDc13378daFca7Fe2306368A16BCFac38c80BfCAD 1582195369519 [58,2,58,3,58,4,58,5,58,6,58,7,59,2,59,3,59,4,59,5,59,6,59,7,60,2,60,3,60,4,60,5,60,6,60,7,61,2,61,3,61,4,61,5,61,6,61,7,62,2,62,3,62,4,62,5,62,6,62,7]
=> 133 of 401: #Fixed# QmZbNfBFHU2ryEdueqNiZu2eYGwF4naVp6R5pqf5U1LvkG 0xDc13378daFca7Fe2306368A16BCFac38c80BfCAD 1582195347935 [-11,-30,-11,-29,-11,-28,-11,-27,-11,-26,-11,-25,-11,-24,-11,-23,-10,-30,-10,-29,-10,-28,-10,-27,-10,-26,-10,-25,-10,-24,-10,-23,-9,-30,-9,-29,-9,-28,-9,-27,-9,-26,-9,-25,-9,-24,-9,-23,-8,-30,-8,-29,-8,-28,-8,-27,-8,-26,-8,-25,-8,-24,-8,-23]
=> 134 of 401: #Fixed# QmVexxizbTDGG5C9JxDkCG1raRQwvKw71mE7dTJnua6MbS 0xDc13378daFca7Fe2306368A16BCFac38c80BfCAD 1582195241214 [57,8,57,9,57,10,57,11,57,12,58,8,58,9,58,10,58,11,58,12,59,8,59,9,59,10,59,11,59,12,60,8,60,9,60,10,60,11,60,12,61,8,61,9,61,10,61,11,61,12,62,8,62,9,62,10,62,11,62,12]
=> 135 of 401: #Fixed# QmdPHaerWDSeWkNUea7GwQWNPWsoDa8crCwZr76HJ3Bm2b 0xDc13378daFca7Fe2306368A16BCFac38c80BfCAD 1582195175120 [84,17,84,18,85,17,85,18,86,17,86,18,87,17,87,18]
=> 136 of 401: #Fixed# QmTpJQPSzVu69xjmxJWkGxW8PZKM5egVUjMwKHufaKa1sU 0xDc13378daFca7Fe2306368A16BCFac38c80BfCAD 1582195121780 [-3,-33,-3,-32,-3,-31,-2,-33,-2,-32,-2,-31,-1,-33,-1,-32,-1,-31]
=> 137 of 401: #Fixed# QmUdX78UVzQ7uFq8rSFhjbFxVSAqZt99xEcZ6wCYiavwuw 0xe2b6024873d218B2E83B462D3658D8D7C3f55a18 1582194964524 [-148,-35,-148,-34,-148,-33,-147,-35,-147,-34,-147,-33,-146,-35,-146,-34,-146,-33]
=> 138 of 401: #Fixed# Qmamf2XTyM9CvNYnsg7B7Ayb2roGNHHTiqbdd3s7nfhwqT 0xe2b6024873d218b2e83b462d3658d8d7c3f55a18 1582193582627 [105,-21,105,-20,105,-19,105,-18,106,-21,106,-20,106,-19,106,-18,107,-21,107,-20,107,-19,107,-18,108,-21,108,-20,108,-19,108,-18]
=> 139 of 401: #Fixed# QmQAD7yX75knpSNWy3U9hG4H11mLCW56ZQEUyadzWwUG4R 0x91e222Ed7598eFBCFE7190481f2fd14897E168c8 1582160363659 [-44,52,-43,52,-42,52,-41,52,-40,52,-39,52,-38,52,-37,52,-36,52,-35,52,-34,52,-33,52,-32,52,-31,52,-30,52,-29,52,-28,52,-27,52]
=> 140 of 401: #Fixed# QmQd9C7Rt9rUL7B3zgUR7zrGbmY2dENCj5svxsYGMkS9sq 0x91e222Ed7598eFBCFE7190481f2fd14897E168c8 1582156289561 [-49,52,-49,53,-49,54,-49,55,-49,56,-48,52,-48,53,-48,54,-48,55,-48,56,-47,52,-47,53,-47,54,-47,55,-47,56,-46,52,-46,53,-46,54,-46,55,-46,56,-45,52,-45,53,-45,54,-45,55,-45,56]
=> 141 of 401: #Fixed# QmPe8eQ359Xnq28ggP7xX2mXcrDkN4tWK5hWV4V45nXTC4 0xd210DC1dd26751503CbF1B8c9154224707820da8 1582156204810 [131,-39,132,-39,133,-39,134,-39,135,-39,136,-39,137,-39,138,-39]
=> 142 of 401: #Fixed# QmXNAQEP8i9t6E7WDCxLvn3aWuHSWNNdjpgCS5Zzo53gDq 0xe2b6024873d218B2E83B462D3658D8D7C3f55a18 1582154372115 [52,16,52,17,52,18,52,19,53,16,53,17,53,18,53,19,54,16,54,17,54,18,54,19,55,16,55,17,55,18,55,19,56,16,56,17,56,18,56,19,57,16,57,17,57,18,57,19,58,16,58,17,58,18,58,19,59,16,59,17,59,18,59,19]
=> 143 of 401: #Fixed# QmTH5miGwY3eCFdUtGz9xGeWnhXvdz7hWbEZUFhvUZ4Yvb 0xDc13378daFca7Fe2306368A16BCFac38c80BfCAD 1582151942772 [36,45,36,46,36,47,36,48,37,45,37,46,37,47,37,48,38,45,38,46,38,47,38,48]
=> 144 of 401: #Fixed# Qmccf2tXnW3dGSspx2LTFZdTpwKa3y73vGx6Jeod1HqjMc 0xDc13378daFca7Fe2306368A16BCFac38c80BfCAD 1582151866503 [111,-13,111,-12,111,-11,111,-10,111,-9,111,-8,112,-13,112,-12,112,-11,112,-10,112,-9,112,-8,113,-13,113,-12,113,-11,113,-10,113,-9,113,-8,114,-13,114,-12,114,-11,114,-10,114,-9,114,-8,115,-13,115,-12,115,-11,115,-10,115,-9,115,-8]
=> 145 of 401: #Fixed# QmXHoErx5wZPNLduQNpFeciFqCRCNG81hi1Q5GFbx3FB7o 0xDc13378daFca7Fe2306368A16BCFac38c80BfCAD 1582151825808 [52,2,52,3,52,4,53,2,53,3,53,4,54,2,54,3,54,4]
=> 146 of 401: #Fixed# QmdyStvzExs53A3HpKssazU5EY8exX5qH1qg8XerKCdFj2 0xDc13378daFca7Fe2306368A16BCFac38c80BfCAD 1582151768046 [63,2,63,3,63,4,63,5,64,2,64,3,64,4,64,5,65,2,65,3,65,4,65,5,66,2,66,3,66,4,66,5,67,2,67,3,67,4,67,5,68,2,68,3,68,4,68,5]
=> 147 of 401: #Fixed# QmU53ZSV1DindmAuNrYiEMNLYLRjuHxnJzG1AiHRk8ZUuo 0xDc13378daFca7Fe2306368A16BCFac38c80BfCAD 1582151693551 [-55,1,-55,2,-55,3,-55,4,-54,1,-54,2,-54,3,-54,4,-53,1,-53,2,-53,3,-53,4,-52,1,-52,2,-52,3,-52,4]
=> 148 of 401: #Fixed# QmbkJ9BrzbZhvCpj5eGtVsdEkckiS1pcJs5tUpXXxLQM1Y 0xDc13378daFca7Fe2306368A16BCFac38c80BfCAD 1582151474450 [-35,-41,-35,-40,-35,-39,-35,-38,-35,-37,-35,-36,-34,-41,-34,-40,-34,-39,-34,-38,-34,-37,-34,-36,-33,-41,-33,-40,-33,-39,-33,-38,-33,-37,-33,-36,-32,-41,-32,-40,-32,-39,-32,-38,-32,-37,-32,-36,-31,-41,-31,-40,-31,-39,-31,-38,-31,-37,-31,-36]
=> 149 of 401: #Fixed# QmRQ2H19XDf22z26g3tikthCB4SE9kGqiwGLVf6XPcp8bP 0xDc13378daFca7Fe2306368A16BCFac38c80BfCAD 1582151383747 [-49,-41,-49,-40,-49,-39,-49,-38,-48,-41,-48,-40,-48,-39,-48,-38,-47,-41,-47,-40,-47,-39,-47,-38,-46,-41,-46,-40,-46,-39,-46,-38,-45,-41,-45,-40,-45,-39,-45,-38,-44,-41,-44,-40,-44,-39,-44,-38,-43,-41,-43,-40,-43,-39,-43,-38,-42,-41,-42,-40,-42,-39,-42,-38]
=> 150 of 401: #Fixed# QmdL2zEpaFs3tUEmtmMUsMod3jAHyQ3wHnmta9U7eYJNZ9 0xDc13378daFca7Fe2306368A16BCFac38c80BfCAD 1582151278508 [-15,-22,-15,-21,-15,-20,-15,-19,-14,-22,-14,-21,-14,-20,-14,-19,-13,-22,-13,-21,-13,-20,-13,-19,-12,-22,-12,-21,-12,-20,-12,-19]
=> 151 of 401: #Fixed# QmXimzdRzGC8pZs9ciEY6RfSaYMcf1oPS4bt1YgUZmGqSV 0xDc13378daFca7Fe2306368A16BCFac38c80BfCAD 1582151234863 [-5,-16,-5,-15,-5,-14,-5,-13,-5,-12,-4,-16,-4,-15,-4,-14,-4,-13,-4,-12,-3,-16,-3,-15,-3,-14,-3,-13,-3,-12,-2,-16,-2,-15,-2,-14,-2,-13,-2,-12,-1,-16,-1,-15,-1,-14,-1,-13,-1,-12]
=> 152 of 401: #Fixed# QmdBL7jgkCwCCEVw1wjrZsoxA6B4qge5jrExDDKZwCtZV1 0xDc13378daFca7Fe2306368A16BCFac38c80BfCAD 1582151159666 [-129,-141,-129,-140,-129,-139,-129,-138,-129,-137,-129,-136,-128,-141,-128,-140,-128,-139,-128,-138,-128,-137,-128,-136,-127,-141,-127,-140,-127,-139,-127,-138,-127,-137,-127,-136,-126,-141,-126,-140,-126,-139,-126,-138,-126,-137,-126,-136,-125,-141,-125,-140,-125,-139,-125,-138,-125,-137,-125,-136]
=> 153 of 401: #Fixed# QmaayjGgzcNdheB9qmE9VbaLuEeCRapnCMt7YuhTqCW5xy 0xDc13378daFca7Fe2306368A16BCFac38c80BfCAD 1582150933207 [52,10,52,11,52,12,53,10,53,11,53,12,54,10,54,11,54,12,55,10,55,11,55,12,56,10,56,11,56,12]
=> 154 of 401: #Fixed# QmQEF1YJ6qPrHboKfRH3D9v4ySPiv2Z7AjW1igUrg5vgZS 0xDc13378daFca7Fe2306368A16BCFac38c80BfCAD 1582150741592 [-12,-39,-12,-38,-12,-37,-12,-36,-11,-39,-11,-38,-11,-37,-11,-36,-10,-39,-10,-38,-10,-37,-10,-36,-9,-39,-9,-38,-9,-37,-9,-36]
=> 155 of 401: #Fixed# Qmat118AANxZ8BKqDTHPCSnAwHw9wnfsW5Pv1XtjMjJKVZ 0xDc13378daFca7Fe2306368A16BCFac38c80BfCAD 1582150707655 [-49,-49,-49,-48,-49,-47,-49,-46,-49,-45,-49,-44,-48,-49,-48,-48,-48,-47,-48,-46,-48,-45,-48,-44,-47,-49,-47,-48,-47,-47,-47,-46,-47,-45,-47,-44]
=> 156 of 401: #Fixed# QmQ138HCLxPDJuPxq54XQod9pRTbM8YgHrE3dzvuD3cu9A 0xDc13378daFca7Fe2306368A16BCFac38c80BfCAD 1582150641182 [137,34,137,35,137,36,137,37,137,38,137,39,138,34,138,35,138,36,138,37,138,38,138,39,139,34,139,35,139,36,139,37,139,38,139,39,140,34,140,35,140,36,140,37,140,38,140,39,141,34,141,35,141,36,141,37,141,38,141,39]
=> 157 of 401: #Fixed# QmRDjsVranT9FUCoaXzce6PJR9fjcavdHkQQ8eG2TgAGa5 0xDc13378daFca7Fe2306368A16BCFac38c80BfCAD 1582150604601 [27,43,27,44,27,45,27,46,27,47,28,43,28,44,28,45,28,46,28,47,29,43,29,44,29,45,29,46,29,47]
=> 158 of 401: #Fixed# QmPxtn3wyqwxPG3TMHD7ifKpd8XVeKYeFk7cLoxQnAyKKy 0xDc13378daFca7Fe2306368A16BCFac38c80BfCAD 1582150566925 [-34,-37,-34,-36,-34,-35,-33,-37,-33,-36,-33,-35,-32,-37,-32,-36,-32,-35,-31,-37,-31,-36,-31,-35,-30,-37,-30,-36,-30,-35]
=> 159 of 401: #Fixed# QmNWwZGzKLZpbKeqqWofUAeSFjnuUBhyDbveteXG4PFRNV 0xDc13378daFca7Fe2306368A16BCFac38c80BfCAD 1582150538424 [58,2,58,3,58,4,58,5,58,6,58,7,59,2,59,3,59,4,59,5,59,6,59,7,60,2,60,3,60,4,60,5,60,6,60,7,61,2,61,3,61,4,61,5,61,6,61,7,62,2,62,3,62,4,62,5,62,6,62,7]
=> 160 of 401: #Fixed# QmR4A1nkA6sNSkaR4VEmPvbwQ3MRejv7Ve5y9HVZ6uxbSr 0xDc13378daFca7Fe2306368A16BCFac38c80BfCAD 1582150509192 [-11,-30,-11,-29,-11,-28,-11,-27,-11,-26,-11,-25,-11,-24,-11,-23,-10,-30,-10,-29,-10,-28,-10,-27,-10,-26,-10,-25,-10,-24,-10,-23,-9,-30,-9,-29,-9,-28,-9,-27,-9,-26,-9,-25,-9,-24,-9,-23,-8,-30,-8,-29,-8,-28,-8,-27,-8,-26,-8,-25,-8,-24,-8,-23]
=> 161 of 401: #Fixed# QmcdErFZvfrmCDXcha6xZBNzRE35DLWtaQyXY99znzQkb9 0xDc13378daFca7Fe2306368A16BCFac38c80BfCAD 1582150438028 [57,8,57,9,57,10,57,11,57,12,58,8,58,9,58,10,58,11,58,12,59,8,59,9,59,10,59,11,59,12,60,8,60,9,60,10,60,11,60,12,61,8,61,9,61,10,61,11,61,12,62,8,62,9,62,10,62,11,62,12]
=> 162 of 401: #Fixed# QmZw8WBWWbV2e1YeJqf43hYwmrevkxTe2Rz5TwcyifNBjv 0xDc13378daFca7Fe2306368A16BCFac38c80BfCAD 1582150353988 [84,17,84,18,85,17,85,18,86,17,86,18,87,17,87,18]
=> 163 of 401: #Fixed# QmSiuaCk6DFPzGiVqoaP17muoCcaF48TXSbTLzu8hma8ig 0xDc13378daFca7Fe2306368A16BCFac38c80BfCAD 1582150305271 [-3,-33,-3,-32,-3,-31,-2,-33,-2,-32,-2,-31,-1,-33,-1,-32,-1,-31]
=> 164 of 401: #Fixed# QmXcQGYM2QRCVuU5DPEQMASTLbATJW2TYBwVWmLL11zQmP 0xDc13378daFca7Fe2306368A16BCFac38c80BfCAD 1582149832725 [36,45,36,46,36,47,36,48,37,45,37,46,37,47,37,48,38,45,38,46,38,47,38,48]
=> 165 of 401: #Fixed# QmRYNG8AFf4PgRyHi821TwacJcxn2fRdfHifX3rL1o3svz 0xDc13378daFca7Fe2306368A16BCFac38c80BfCAD 1582149797622 [111,-13,111,-12,111,-11,111,-10,111,-9,111,-8,112,-13,112,-12,112,-11,112,-10,112,-9,112,-8,113,-13,113,-12,113,-11,113,-10,113,-9,113,-8,114,-13,114,-12,114,-11,114,-10,114,-9,114,-8,115,-13,115,-12,115,-11,115,-10,115,-9,115,-8]
=> 166 of 401: #Fixed# QmPsv588fxW8AeYTtesLDnGQgtNyd4XpbQQBtv184GnRDz 0xDc13378daFca7Fe2306368A16BCFac38c80BfCAD 1582149782051 [52,2,52,3,52,4,53,2,53,3,53,4,54,2,54,3,54,4]
=> 167 of 401: #Fixed# QmYydsdYs9aU4Nx2sSJWrvi5rXMdwaPAzzNv9GAN9YN5d1 0xDc13378daFca7Fe2306368A16BCFac38c80BfCAD 1582149742838 [63,2,63,3,63,4,63,5,64,2,64,3,64,4,64,5,65,2,65,3,65,4,65,5,66,2,66,3,66,4,66,5,67,2,67,3,67,4,67,5,68,2,68,3,68,4,68,5]
=> 168 of 401: #Fixed# QmRNXgPg3UC8FXGk9h7VjAeFmCebbrkD4LyuXC5ahnxJxd 0xDc13378daFca7Fe2306368A16BCFac38c80BfCAD 1582149688793 [-55,1,-55,2,-55,3,-55,4,-54,1,-54,2,-54,3,-54,4,-53,1,-53,2,-53,3,-53,4,-52,1,-52,2,-52,3,-52,4]
=> 169 of 401: #Fixed# QmRPDwPDg89sEDiemJbgB4a96JMJX6xsPB82q2uL5yWTUg 0xDc13378daFca7Fe2306368A16BCFac38c80BfCAD 1582149478667 [-35,-41,-35,-40,-35,-39,-35,-38,-35,-37,-35,-36,-34,-41,-34,-40,-34,-39,-34,-38,-34,-37,-34,-36,-33,-41,-33,-40,-33,-39,-33,-38,-33,-37,-33,-36,-32,-41,-32,-40,-32,-39,-32,-38,-32,-37,-32,-36,-31,-41,-31,-40,-31,-39,-31,-38,-31,-37,-31,-36]
=> 170 of 401: #Fixed# QmRid7wf7uabshjHkpuggY4ogWc6XSsMmHe7dVcLG43dNh 0xDc13378daFca7Fe2306368A16BCFac38c80BfCAD 1582149398220 [-49,-41,-49,-40,-49,-39,-49,-38,-48,-41,-48,-40,-48,-39,-48,-38,-47,-41,-47,-40,-47,-39,-47,-38,-46,-41,-46,-40,-46,-39,-46,-38,-45,-41,-45,-40,-45,-39,-45,-38,-44,-41,-44,-40,-44,-39,-44,-38,-43,-41,-43,-40,-43,-39,-43,-38,-42,-41,-42,-40,-42,-39,-42,-38]
=> 171 of 401: #Fixed# QmTJpqfpm9PEqL9UF6YVM5eEfBaM31vMrmg8GcZprShyTq 0xDc13378daFca7Fe2306368A16BCFac38c80BfCAD 1582149289872 [-15,-22,-15,-21,-15,-20,-15,-19,-14,-22,-14,-21,-14,-20,-14,-19,-13,-22,-13,-21,-13,-20,-13,-19,-12,-22,-12,-21,-12,-20,-12,-19]
=> 172 of 401: #Fixed# QmYZwU89Ybd8yiMJwbHGP87HSMmXVKLVLuMQCJKZS57qfb 0xDc13378daFca7Fe2306368A16BCFac38c80BfCAD 1582149229752 [-5,-16,-5,-15,-5,-14,-5,-13,-5,-12,-4,-16,-4,-15,-4,-14,-4,-13,-4,-12,-3,-16,-3,-15,-3,-14,-3,-13,-3,-12,-2,-16,-2,-15,-2,-14,-2,-13,-2,-12,-1,-16,-1,-15,-1,-14,-1,-13,-1,-12]
=> 173 of 401: #Fixed# Qmdhb8h7PaaV3wn9fH7CAxjmowKKGgdwRHQ41qD1aeB3Qy 0xDc13378daFca7Fe2306368A16BCFac38c80BfCAD 1582149167277 [-129,-141,-129,-140,-129,-139,-129,-138,-129,-137,-129,-136,-128,-141,-128,-140,-128,-139,-128,-138,-128,-137,-128,-136,-127,-141,-127,-140,-127,-139,-127,-138,-127,-137,-127,-136,-126,-141,-126,-140,-126,-139,-126,-138,-126,-137,-126,-136,-125,-141,-125,-140,-125,-139,-125,-138,-125,-137,-125,-136]
=> 174 of 401: #Fixed# QmXDRahMYEhs7mx7CojwUhcBU7WWx2MdGJDfbMST79JS5Y 0xDc13378daFca7Fe2306368A16BCFac38c80BfCAD 1582148947787 [52,10,52,11,52,12,53,10,53,11,53,12,54,10,54,11,54,12,55,10,55,11,55,12,56,10,56,11,56,12]
=> 175 of 401: #Fixed# QmThXjZLuHw2CyTyDaGcRFR4MJgkrksyQGaWfhBNNvBfrU 0xDc13378daFca7Fe2306368A16BCFac38c80BfCAD 1582148765538 [-12,-39,-12,-38,-12,-37,-12,-36,-11,-39,-11,-38,-11,-37,-11,-36,-10,-39,-10,-38,-10,-37,-10,-36,-9,-39,-9,-38,-9,-37,-9,-36]
=> 176 of 401: #Fixed# QmP7nLijRXKrHDBxBFoU2gRvPhnxGsvu38yqSGTBmMG77a 0xDc13378daFca7Fe2306368A16BCFac38c80BfCAD 1582148725555 [-49,-49,-49,-48,-49,-47,-49,-46,-49,-45,-49,-44,-48,-49,-48,-48,-48,-47,-48,-46,-48,-45,-48,-44,-47,-49,-47,-48,-47,-47,-47,-46,-47,-45,-47,-44]
=> 177 of 401: #Fixed# QmdyHyyDs3NHajdrK3LzphZuTTmeuGNzUVqLmG2GBJqLen 0xDc13378daFca7Fe2306368A16BCFac38c80BfCAD 1582148605384 [137,34,137,35,137,36,137,37,137,38,137,39,138,34,138,35,138,36,138,37,138,38,138,39,139,34,139,35,139,36,139,37,139,38,139,39,140,34,140,35,140,36,140,37,140,38,140,39,141,34,141,35,141,36,141,37,141,38,141,39]
=> 178 of 401: #Fixed# QmQReXaa5hmhqWh7ucfycdyosjMfpnU79LFKsTwyZRdLPY 0xDc13378daFca7Fe2306368A16BCFac38c80BfCAD 1582148541518 [27,43,27,44,27,45,27,46,27,47,28,43,28,44,28,45,28,46,28,47,29,43,29,44,29,45,29,46,29,47]
=> 179 of 401: #Fixed# QmQKE14bvLG4MkLfqfmQvrAYRwaZNzJmPo6EASVieE654m 0xDc13378daFca7Fe2306368A16BCFac38c80BfCAD 1582148475274 [-34,-37,-34,-36,-34,-35,-33,-37,-33,-36,-33,-35,-32,-37,-32,-36,-32,-35,-31,-37,-31,-36,-31,-35,-30,-37,-30,-36,-30,-35]
=> 180 of 401: #Fixed# QmUorS3G9zKDhdfSpKKvsqjWZTNPiTwLjutRW1dXRZ1EgC 0xDc13378daFca7Fe2306368A16BCFac38c80BfCAD 1582148421557 [58,2,58,3,58,4,58,5,58,6,58,7,59,2,59,3,59,4,59,5,59,6,59,7,60,2,60,3,60,4,60,5,60,6,60,7,61,2,61,3,61,4,61,5,61,6,61,7,62,2,62,3,62,4,62,5,62,6,62,7]
=> 181 of 401: #Fixed# QmTM6TuuTx5AqfBHAfsUAzgCHGQnm53gxwwjeCEuLXL2fA 0xDc13378daFca7Fe2306368A16BCFac38c80BfCAD 1582148388065 [-11,-30,-11,-29,-11,-28,-11,-27,-11,-26,-11,-25,-11,-24,-11,-23,-10,-30,-10,-29,-10,-28,-10,-27,-10,-26,-10,-25,-10,-24,-10,-23,-9,-30,-9,-29,-9,-28,-9,-27,-9,-26,-9,-25,-9,-24,-9,-23,-8,-30,-8,-29,-8,-28,-8,-27,-8,-26,-8,-25,-8,-24,-8,-23]
=> 182 of 401: #Fixed# QmQnKQ2KWhsE5RDSG5fgKjNzPa7Kr8aMDw7jwuWNddRwj9 0xDc13378daFca7Fe2306368A16BCFac38c80BfCAD 1582148287269 [57,8,57,9,57,10,57,11,57,12,58,8,58,9,58,10,58,11,58,12,59,8,59,9,59,10,59,11,59,12,60,8,60,9,60,10,60,11,60,12,61,8,61,9,61,10,61,11,61,12,62,8,62,9,62,10,62,11,62,12]
=> 183 of 401: #Fixed# QmNkJ6oWzHUzo4MdwpreAHwLNKue8QtpocC5cCXemerky1 0xDc13378daFca7Fe2306368A16BCFac38c80BfCAD 1582148236571 [84,17,84,18,85,17,85,18,86,17,86,18,87,17,87,18]
=> 184 of 401: #Fixed# QmQx344roCZwZaxKKVMPdiTXG9CKzeAaLFj8kzaSND5EBi 0xDc13378daFca7Fe2306368A16BCFac38c80BfCAD 1582148193002 [-3,-33,-3,-32,-3,-31,-2,-33,-2,-32,-2,-31,-1,-33,-1,-32,-1,-31]
=> 185 of 401: #Fixed# Qmer2kdtmsBV9njUijitWFjLJFNWyNEUjMXHkBkJZBpVnR 0xDc13378daFca7Fe2306368A16BCFac38c80BfCAD 1582148088621 [-3,-33,-3,-32,-3,-31,-2,-33,-2,-32,-2,-31,-1,-33,-1,-32,-1,-31]
=> 186 of 401: #Fixed# QmRUV2oW6kw6tCmkMiteaysv5BYAdBd2KJtysf8qMJTfJZ 0xe2b6024873d218B2E83B462D3658D8D7C3f55a18 1582141240560 [80,-33,81,-33]
=> 187 of 401: #Fixed# QmRLiGJ2f5thVvqKvr2T8pmgjKB2X8ALtDm1LMELhAL7Nv 0xa7c825bb8c2c4d18288af8efe38c8bf75a1aab51 1582139227896 [-75,71,-75,72,-75,73,-75,74,-75,75,-75,76,-75,77,-75,78,-76,76,-76,77,-76,78,-77,76,-78,76,-79,76,-80,74,-80,75,-80,76,-80,77,-80,78]
=> 188 of 401: #Fixed# QmPUuYxi4sYD1kCE7oGeDZkk5btyEfs8MuGWu8CkSNMosS 0x223fccf2baf102260e2fcd8c986eb74d283a1967 1582137355083 [87,96]
=> 189 of 401: #Fixed# QmVT6Cvtg3F6ZwRAtgzNt4jGhSuLcbUh4dxegg6HRjDG4U 0x223fccf2baf102260e2fcd8c986eb74d283a1967 1582137103697 [87,96]
=> 190 of 401: #Fixed# QmaoxpdA1xPgQxCacm5fJXKv59cnnHCH56Zu5YqWBnsH5L 0x91e222Ed7598eFBCFE7190481f2fd14897E168c8 1582132976280 [-34,58,-33,58,-32,58,-31,58,-30,58]
=> 191 of 401: #Fixed# QmWnMrWWfM1rLDWXHA2zqU5oFZRRHEhdqiuwohaoWS3d7L 0x91e222Ed7598eFBCFE7190481f2fd14897E168c8 1582132825583 [-34,59,-34,60,-34,61,-34,62,-33,59,-33,60,-33,61,-33,62,-32,59,-32,60,-32,61,-32,62,-31,59,-31,60,-31,61,-31,62,-30,59,-30,60,-30,61,-30,62,-29,59,-29,60,-29,61,-29,62]
=> 192 of 401: #Fixed# QmcmvMzMVrffRhtbzCFFcBDwMmwaACEivDWsH2Gf8Jp2s9 0x91e222Ed7598eFBCFE7190481f2fd14897E168c8 1582132142675 [-34,58,-34,59,-34,60,-34,61,-34,62,-33,58,-33,59,-33,60,-33,61,-33,62,-32,58,-32,59,-32,60,-32,61,-32,62,-31,58,-31,59,-31,60,-31,61,-31,62,-30,58,-30,59,-30,60,-30,61,-30,62]
=> 193 of 401: #Fixed# QmTwZC8utfxmP8L7sMu8hmrjYQ1vS5yMrgmzhSQ3QeQfd4 0x91e222Ed7598eFBCFE7190481f2fd14897E168c8 1582131991248 [-34,58,-34,59,-34,60,-34,61,-34,62,-33,58,-33,59,-33,60,-33,61,-33,62,-32,58,-32,59,-32,60,-32,61,-32,62,-31,58,-31,59,-31,60,-31,61,-31,62,-30,58,-30,59,-30,60,-30,61,-30,62]
=> 194 of 401: #Fixed# QmTHoHyH9tGbAT92PuUcEfWUZ5LzVKMvoppLZWgkGm9qZ4 0xa7c825bb8c2c4d18288af8efe38c8bf75a1aab51 1582131933884 [-75,71,-75,72,-75,73,-75,74,-75,75,-75,76,-75,77,-75,78,-76,76,-76,77,-76,78,-77,76,-78,76,-79,76,-80,74,-80,75,-80,76,-80,77,-80,78]
=> 195 of 401: #Fixed# QmPcNchu8gdKGJg6eBp7U4vngN5z4RsPXupdzQPzUv94Q1 0x91e222Ed7598eFBCFE7190481f2fd14897E168c8 1582131394417 [-29,55,-29,56,-29,57,-29,58,-28,55,-28,56,-28,57,-28,58,-27,55,-27,56,-27,57,-27,58,-26,55,-26,56,-26,57,-26,58,-25,55,-25,56,-25,57,-25,58]
=> 196 of 401: #Fixed# Qmd4tBqQof6Xdus4iE8Kh8C6nbVi63kgxjrSNznWDZQXTF 0x91e222Ed7598eFBCFE7190481f2fd14897E168c8 1582131269762 [-29,55,-29,56,-29,57,-29,58,-28,55,-28,56,-28,57,-28,58,-27,55,-27,56,-27,57,-27,58,-26,55,-26,56,-26,57,-26,58,-25,55,-25,56,-25,57,-25,58]
=> 197 of 401: #Fixed# QmWeZ6suwoJaphtrAhg1kjn422esWDupg3CaKHrRecHXfQ 0x909f12df377343d0d935500da28530f9876f9f0a 1582131104572 [58,134,59,134,58,133,59,133]
=> 198 of 401: #Fixed# Qmd19EA9o68A6YAe4eS6GNnh7XZBwec1Z27Fc45tvUXUyu 0x909f12df377343d0d935500da28530f9876f9f0a 1582131069836 [58,134,59,134,58,133,59,133]
=> 199 of 401: #Fixed# QmVDmof71koEq4XsVSiDHgxv5Ahije5vEqGGpFBx4ofFf6 0x91e222Ed7598eFBCFE7190481f2fd14897E168c8 1582130898884 [-49,61,-49,62,-48,61,-48,62]
=> 200 of 401: #Fixed# QmV5Z24tEff7tLD6pAvxeiLUWV8xaM4vQWunwmNP3zxHDp 0x91e222Ed7598eFBCFE7190481f2fd14897E168c8 1582130832078 [-49,61,-49,62,-48,61,-48,62]
=> 201 of 401: #Fixed# QmZ1zT6t3Kz32YEpTpDS2kk3ouZdUEdBPQSs5mjjSLazDG 0x91e222Ed7598eFBCFE7190481f2fd14897E168c8 1582130607646 [-47,62,-46,62,-45,62,-44,62,-43,62,-42,62,-41,62,-40,62]
=> 202 of 401: #Fixed# QmehwAkFhEkjFfMiNRTTb8wW8ku53v1AnFUa5SFPa5ndEk 0x91e222Ed7598eFBCFE7190481f2fd14897E168c8 1582129978789 [-29,55,-29,56,-29,57,-29,58,-28,55,-28,56,-28,57,-28,58,-27,55,-27,56,-27,57,-27,58,-26,55,-26,56,-26,57,-26,58,-25,55,-25,56,-25,57,-25,58]
=> 203 of 401: #Fixed# QmRVYp9yZejsVXEB7JfcyDnyGbFS4ry5vSq6UtQmbuiYLQ 0x91e222Ed7598eFBCFE7190481f2fd14897E168c8 1582129613173 [-29,53,-29,54,-28,53,-28,54,-27,53,-27,54]
=> 204 of 401: #Fixed# QmehQvMUEHccnTsv7fcQW7SdvA5WvtdUHTDq1d4fBPLvdW 0x91e222Ed7598eFBCFE7190481f2fd14897E168c8 1582129404471 [-26,52,-26,53,-26,54,-25,52,-25,53,-25,54,-24,52,-24,53,-24,54]
=> 205 of 401: #Fixed# QmQy2wTpFzt5Zi9fxUwJzgcFACs8dV7VDorHQ7v5r7H3v2 0x91e222Ed7598eFBCFE7190481f2fd14897E168c8 1582129321688 [-49,57,-49,58,-49,59,-49,60]
=> 206 of 401: #Fixed# Qmczdc87b2oJkPy9MzoPGqa42i7KBrm8QszkTcLsvzx5e4 0x91e222Ed7598eFBCFE7190481f2fd14897E168c8 1582128604145 [-40,58,-40,59,-40,60,-40,61]
=> 207 of 401: #Fixed# QmQTsnQFdNZL88W5BXT6151gfFv89o7F7Bw113bRGZp9Dx 0x909f12df377343d0d935500da28530f9876f9f0a 1582128549806 [58,134,59,134,58,133,59,133]
=> 208 of 401: #Fixed# QmYDVkiEN8E4Bf3pQVVkZjm4qgZ6wX3xh5kbwu3z5ojzwf 0x91e222Ed7598eFBCFE7190481f2fd14897E168c8 1582127660454 [-49,52,-49,53,-49,54,-49,55,-49,56,-48,52,-48,53,-48,54,-48,55,-48,56,-47,52,-47,53,-47,54,-47,55,-47,56,-46,52,-46,53,-46,54,-46,55,-46,56,-45,52,-45,53,-45,54,-45,55,-45,56]
=> 209 of 401: #Fixed# QmdrdnF9QnbjD69bNRAhbccoRFibax45xD4BpL8pYrwjif 0x91e222Ed7598eFBCFE7190481f2fd14897E168c8 1582127458558 [-44,52,-43,52,-42,52,-41,52,-40,52,-39,52,-38,52,-37,52,-36,52,-35,52,-34,52,-33,52,-32,52,-31,52,-30,52,-29,52,-28,52,-27,52]
=> 210 of 401: #Fixed# QmdQ1CYDTTLxzsoSVb6v9T5KmkxXgySdM2WdXbSkbfgi7U 0x91e222Ed7598eFBCFE7190481f2fd14897E168c8 1582127067429 [-44,52,-43,52,-42,52,-41,52,-40,52,-39,52,-38,52,-37,52,-36,52,-35,52,-34,52,-33,52,-32,52,-31,52,-30,52,-29,52,-28,52,-27,52]
=> 211 of 401: #Fixed# QmUo75Y8d5utabAN4RcXpDDvccQ4jGEoFfud2Gue8PCg8U 0x9c6b3261282fc36c9b6efae89717f4c1f9883234 1582126981923 [69,12]
=> 212 of 401: #Fixed# QmboHZRdx1YbmKEPnk6WHkMtSDfjqM26CBvSExHKgBiHzY 0x91e222Ed7598eFBCFE7190481f2fd14897E168c8 1582126940747 [-44,52,-43,52,-42,52,-41,52,-40,52,-39,52,-38,52,-37,52,-36,52,-35,52,-34,52,-33,52,-32,52,-31,52,-30,52,-29,52,-28,52,-27,52]
=> 213 of 401: #Fixed# QmYEjHCUeofz5BMrr61kQ9kw1rkxbSwTBX5FiwGHnENAK4 0x91e222Ed7598eFBCFE7190481f2fd14897E168c8 1582126562687 [-44,52,-43,52,-42,52,-41,52,-40,52,-39,52,-38,52,-37,52,-36,52,-35,52,-34,52,-33,52,-32,52,-31,52,-30,52,-29,52,-28,52,-27,52]
=> 214 of 401: #Fixed# QmPLD47Z1CyNE5XChpnUshFwunvkcL8FtqvXrk4LjYgr3K 0x91e222Ed7598eFBCFE7190481f2fd14897E168c8 1582126446275 [-30,53,-30,54,-30,55,-30,56,-30,57]
=> 215 of 401: #Fixed# QmX6YiukbvQwFEddxHFk4dyr6F3ED9V719J7xJX9dC3ZX1 0x91e222Ed7598eFBCFE7190481f2fd14897E168c8 1582126044625 [-49,52,-49,53,-49,54,-49,55,-49,56,-48,52,-48,53,-48,54,-48,55,-48,56,-47,52,-47,53,-47,54,-47,55,-47,56,-46,52,-46,53,-46,54,-46,55,-46,56,-45,52,-45,53,-45,54,-45,55,-45,56]
=> 216 of 401: #Fixed# QmdkV44bVkFTFH3KEj45oDYRXpHNuwvKox5JNabbYMY1LG 0x91e222Ed7598eFBCFE7190481f2fd14897E168c8 1582125567056 [-49,52,-49,53,-49,54,-49,55,-49,56,-48,52,-48,53,-48,54,-48,55,-48,56,-47,52,-47,53,-47,54,-47,55,-47,56,-46,52,-46,53,-46,54,-46,55,-46,56,-45,52,-45,53,-45,54,-45,55,-45,56]
=> 217 of 401: #Fixed# QmWBgd2uCHonbWNxCw86MuBzU7FbKBskghAma9GMTLmrx6 0x7979dbb8001e49561dda0d9731d86250f71d8014 1582124782938 [-84,14,-84,15,-84,16,-84,17,-84,18,-84,19,-83,14,-83,15,-83,16,-83,17,-83,18,-83,19,-82,14,-82,15,-82,16,-82,17,-82,18,-82,19,-81,14,-81,15,-81,16,-81,17,-81,18,-81,19,-80,14,-80,15,-80,16,-80,17,-80,18,-80,19]
=> 218 of 401: #Fixed# QmSuxBRkfR1ZcdwtsDepYx8GCVuunFjq7KjspHAEWjd9mk 0x91e222Ed7598eFBCFE7190481f2fd14897E168c8 1582124568738 [-44,53,-44,54,-44,55,-44,56]
=> 219 of 401: #Fixed# QmRUBAwKUgyoLpC8as67MWk9sZHmQa3MbaCzBZU5MxWPZo 0x91e222Ed7598eFBCFE7190481f2fd14897E168c8 1582124271752 [-44,52,-43,52,-42,52,-41,52,-40,52,-39,52,-38,52,-37,52,-36,52,-35,52,-34,52,-33,52,-32,52,-31,52,-30,52,-29,52,-28,52,-27,52]
=> 220 of 401: #Fixed# QmWwY2jBRwvvumksGkq27Z7DG6woSwRiDJNMiFn84XzZAS 0xa7c825bb8c2c4d18288af8efe38c8bf75a1aab51 1582123995326 [-75,71,-75,72,-75,73,-75,74,-75,75,-75,76,-75,77,-75,78,-76,76,-76,77,-76,78,-77,76,-78,76,-79,76,-80,74,-80,75,-80,76,-80,77,-80,78]
=> 221 of 401: #Fixed# QmSD1hkLL4WCu3wotZMUVQMULPBRThxCKu7UiL3et9eYrs 0x91e222Ed7598eFBCFE7190481f2fd14897E168c8 1582123853260 [-44,52,-43,52,-42,52,-41,52,-40,52,-39,52,-38,52,-37,52,-36,52,-35,52,-34,52,-33,52,-32,52,-31,52,-30,52,-29,52,-28,52,-27,52]
=> 222 of 401: #Fixed# QmQFJddWSXjLiaWTR5Ea6rteiQg7kYh98WvwXZENFfNdma 0x7979dbb8001e49561dda0d9731d86250f71d8014 1582123624007 [-84,14,-84,15,-84,16,-84,17,-84,18,-84,19,-83,14,-83,15,-83,16,-83,17,-83,18,-83,19,-82,14,-82,15,-82,16,-82,17,-82,18,-82,19,-81,14,-81,15,-81,16,-81,17,-81,18,-81,19,-80,14,-80,15,-80,16,-80,17,-80,18,-80,19]
=> 223 of 401: #Fixed# QmQE5A51jx5FPYUoeTPGS9rrfQCS1mNf6NcVKbGspEodkG 0x909f12df377343d0d935500da28530f9876f9f0a 1582122830484 [58,134,59,134,58,133,59,133]
=> 224 of 401: #Fixed# Qme3NHux1imx9wKkgipL1t9RLMqMcD3UZNL9nB7h8XoeBY 0x91e222Ed7598eFBCFE7190481f2fd14897E168c8 1582122788962 [-49,52,-49,53,-49,54,-49,55,-49,56,-48,52,-48,53,-48,54,-48,55,-48,56,-47,52,-47,53,-47,54,-47,55,-47,56,-46,52,-46,53,-46,54,-46,55,-46,56,-45,52,-45,53,-45,54,-45,55,-45,56]
=> 225 of 401: #Fixed# QmSPVwGgWPLpzroRH1f2EnAHynq6FAnFuiHgSjCumcPMp6 0x91e222Ed7598eFBCFE7190481f2fd14897E168c8 1582122635647 [-49,52,-49,53,-49,54,-49,55,-49,56,-48,52,-48,53,-48,54,-48,55,-48,56,-47,52,-47,53,-47,54,-47,55,-47,56,-46,52,-46,53,-46,54,-46,55,-46,56,-45,52,-45,53,-45,54,-45,55,-45,56]
=> 226 of 401: #Fixed# QmVJBfcDqpVnsZXt8TW2zJnbgvq8Zki1kMebs46EUKRPFw 0x909f12df377343d0d935500da28530f9876f9f0a 1582122610267 [58,134,59,134,58,133,59,133]
=> 227 of 401: #Fixed# QmNVNt6kHK7AjDomG9cYFuvd2rUsS2mYGzQUYeqjsaBVMx 0x91e222Ed7598eFBCFE7190481f2fd14897E168c8 1582122588151 [-49,52,-49,53,-49,54,-49,55,-49,56,-48,52,-48,53,-48,54,-48,55,-48,56,-47,52,-47,53,-47,54,-47,55,-47,56,-46,52,-46,53,-46,54,-46,55,-46,56,-45,52,-45,53,-45,54,-45,55,-45,56]
=> 228 of 401: #Fixed# QmdXhAX31TZKQWecgKGvA1p7jkPiz4cjexfGmGJGjyUe4z 0x909f12df377343d0d935500da28530f9876f9f0a 1582122458182 [58,134,59,134,58,133,59,133]
=> 229 of 401: #Fixed# QmbmyuQmiUraPjetPkESYSGppRDr9wsbtizFYDv7D2J34w 0x91e222Ed7598eFBCFE7190481f2fd14897E168c8 1582122163540 [-49,52,-49,53,-49,54,-49,55,-49,56,-48,52,-48,53,-48,54,-48,55,-48,56,-47,52,-47,53,-47,54,-47,55,-47,56,-46,52,-46,53,-46,54,-46,55,-46,56,-45,52,-45,53,-45,54,-45,55,-45,56]
=> 230 of 401: #Fixed# Qmbtyd2yXTLYeBtR2wNxJcmJ2dGscVjHv4DRPKNYgeVRoo 0x91e222Ed7598eFBCFE7190481f2fd14897E168c8 1582122110884 [-49,52,-49,53,-49,54,-49,55,-49,56,-48,52,-48,53,-48,54,-48,55,-48,56,-47,52,-47,53,-47,54,-47,55,-47,56,-46,52,-46,53,-46,54,-46,55,-46,56,-45,52,-45,53,-45,54,-45,55,-45,56]
=> 231 of 401: #Fixed# QmQP7f2FAL7joLFLjwenH61w2dLd2iM69zjAk935q3m9R6 0x91e222Ed7598eFBCFE7190481f2fd14897E168c8 1582121839256 [-49,52,-49,53,-49,54,-49,55,-49,56,-48,52,-48,53,-48,54,-48,55,-48,56,-47,52,-47,53,-47,54,-47,55,-47,56,-46,52,-46,53,-46,54,-46,55,-46,56,-45,52,-45,53,-45,54,-45,55,-45,56]
=> 232 of 401: #Fixed# QmZqSDuD1G4ZPECyDFcMkXmM4mvupJbJBBJrcszYB6j9Qr 0x91e222Ed7598eFBCFE7190481f2fd14897E168c8 1582121308240 [-49,52,-49,53,-49,54,-49,55,-49,56,-48,52,-48,53,-48,54,-48,55,-48,56,-47,52,-47,53,-47,54,-47,55,-47,56,-46,52,-46,53,-46,54,-46,55,-46,56,-45,52,-45,53,-45,54,-45,55,-45,56]
=> 233 of 401: #Fixed# QmS3TvXYMhd86bFejykU2uR5GfxW2Ne4ALrGzbhAR7tQyW 0x91e222Ed7598eFBCFE7190481f2fd14897E168c8 1582121159155 [-49,52,-49,53,-49,54,-49,55,-49,56,-48,52,-48,53,-48,54,-48,55,-48,56,-47,52,-47,53,-47,54,-47,55,-47,56,-46,52,-46,53,-46,54,-46,55,-46,56,-45,52,-45,53,-45,54,-45,55,-45,56]
=> 234 of 401: #Fixed# QmaAX9jAQmrxqCnrbpRzFMg8efokjb2S9FUE8tUqaueuwY 0x91e222Ed7598eFBCFE7190481f2fd14897E168c8 1582120892061 [-26,52,-26,53,-26,54,-25,52,-25,53,-25,54,-24,52,-24,53,-24,54]
=> 235 of 401: #Fixed# QmZaSVBzdVQT7MzPZyiCvrtzUsMTB2KiUQpUJvsJSqzVqT 0x91e222Ed7598eFBCFE7190481f2fd14897E168c8 1582120825696 [-34,62,-33,62,-32,62,-31,62,-30,62,-29,62]
=> 236 of 401: #Fixed# QmT9euLZbgLX2mVbN6afCSHqGAySi6NwHvJUDUeVYo4jhx 0x91e222Ed7598eFBCFE7190481f2fd14897E168c8 1582120768567 [-49,52,-49,53,-49,54,-49,55,-49,56,-48,52,-48,53,-48,54,-48,55,-48,56,-47,52,-47,53,-47,54,-47,55,-47,56,-46,52,-46,53,-46,54,-46,55,-46,56,-45,52,-45,53,-45,54,-45,55,-45,56]
=> 237 of 401: #Fixed# QmTchgAL88EiUB2Q3jBxRBK3PfdKBw71YHLVLoUjPgH4tP 0x91e222Ed7598eFBCFE7190481f2fd14897E168c8 1582120725471 [-44,52,-43,52,-42,52,-41,52,-40,52,-39,52,-38,52,-37,52,-36,52,-35,52,-34,52,-33,52,-32,52,-31,52,-30,52,-29,52,-28,52,-27,52]
=> 238 of 401: #Fixed# QmPCKp53vx8gzdpSDmShVLbV9AathDwT49kABQcfnDzQsX 0x91e222Ed7598eFBCFE7190481f2fd14897E168c8 1582120383263 [-44,57,-43,57,-42,57,-41,57,-40,57,-39,57,-38,57,-37,57,-36,57,-35,57,-34,57,-33,57,-32,57,-31,57]
=> 239 of 401: #Fixed# Qmb7cWS5Ni2Qt57HNejqeVbqX5vCxHd62osDpzvxCv5pHe 0x91e222Ed7598eFBCFE7190481f2fd14897E168c8 1582120126233 [-48,57,-47,57,-46,57]
=> 240 of 401: #Fixed# QmW6ttDEkuGSmv1MFd2coBKggDkVecAyxqV1XtBXFKVvvC 0x91e222Ed7598eFBCFE7190481f2fd14897E168c8 1582119659144 [-47,61,-46,61]
=> 241 of 401: #Fixed# QmXPdkCSCTCukqkyRQS6AN6VFaxYSorXgQrzDeqzjnnWLS 0x91e222Ed7598eFBCFE7190481f2fd14897E168c8 1582115162050 [-49,52,-49,53,-49,54,-49,55,-49,56,-48,52,-48,53,-48,54,-48,55,-48,56,-47,52,-47,53,-47,54,-47,55,-47,56,-46,52,-46,53,-46,54,-46,55,-46,56,-45,52,-45,53,-45,54,-45,55,-45,56]
=> 242 of 401: #Fixed# QmZvKKj4uVGEndHbLq5nJ6SnJrLh4FWAnBP2Xzh1Pf7CV8 0x909f12df377343d0d935500da28530f9876f9f0a 1582064956851 [58,134,59,134,58,133,59,133]
=> 243 of 401: #Fixed# QmUjentrNY1w1xn1oDS5Pqud36kgMmsVacQKzoerZRudkq 0x909f12df377343d0d935500da28530f9876f9f0a 1582064860988 [58,134,59,134,58,133,59,133]
=> 244 of 401: #Fixed# QmTVMAKzuFwo2U7wKk8PVkehYFPqhkdJE18c3ZbeZriayu 0x909f12df377343d0d935500da28530f9876f9f0a 1582064756154 [58,134,59,134,58,133,59,133]
=> 245 of 401: #Fixed# QmSgZHhBqzgw3aRbyCWQH1m1bAe7dg31qLDbyzqZ7j9ShU 0x909f12df377343d0d935500da28530f9876f9f0a 1582055797624 [58,134,59,134,58,133,59,133]
=> 246 of 401: #Fixed# QmfFMdgF2dzPU5ASvYeVWQkF8gATsM2akL65tdxX48BixH 0x909f12df377343d0d935500da28530f9876f9f0a 1582055266677 [58,134,59,134,58,133,59,133]
=> 247 of 401: #Fixed# QmVwJzMocFv1sEgPuhEidNxMx8KDPNsi7ttnUJVcR97EQo 0x909f12df377343d0d935500da28530f9876f9f0a 1582055135357 [59,135]
=> 248 of 401: #Fixed# QmT7pRj1keb3nKkfFhHJb2VAd6dvXAEWfGRS8CzkE7oF1D 0x909f12df377343d0d935500da28530f9876f9f0a 1582054588842 [59,135]
=> 249 of 401: #Fixed# QmdYN8LVmwA9go6NM2NCckJuEEiq41fKg4zyQpkvZiU7Xo 0x909f12df377343d0d935500da28530f9876f9f0a 1582054445507 [58,134,59,134,58,133,59,133]
=> 250 of 401: #Fixed# QmTR7NNn89chJbm7fdBQcWJTJTZwE5RoWqbVebZNhh8o1m 0x909f12df377343d0d935500da28530f9876f9f0a 1582054115619 [59,135]
=> 251 of 401: #Fixed# QmPvy4nXzaCqrCJPGbZWiQ2deQ54Wwr9hdxL6grmLkgU8D 0x909f12df377343d0d935500da28530f9876f9f0a 1582048550588 [58,134,59,134,58,133,59,133]
=> 252 of 401: #Fixed# QmeWDwVmYsTjBgnkeCdko4rcjj8bv2qHfkeVRXTpk8MNQb 0x909f12df377343d0d935500da28530f9876f9f0a 1582047937451 [58,134,59,134,58,133,59,133]
=> 253 of 401: #Fixed# QmZ3KRkBRkYW71Vc1Z6Gd78obvrSbYkU8UysgjjNNEkgpo 0x909f12df377343d0d935500da28530f9876f9f0a 1582047339272 [58,134,59,134,58,133,59,133]
=> 254 of 401: #Fixed# Qmaw4hFYpj15mboZzZWduMd5kCHjoLq6fhUCZA5RzvLqYi 0x909f12df377343d0d935500da28530f9876f9f0a 1582046942160 [58,134,59,134,58,133,59,133]
=> 255 of 401: #Fixed# QmSdUR4t94JRfXe3gf6CYyHpML7H9p3xDV8enJhmP6jT4B 0x909f12df377343d0d935500da28530f9876f9f0a 1582046594504 [58,134,59,134,58,133,59,133]
=> 256 of 401: #Fixed# QmQ5Bf48dpGYg9MER15jroSJMWyzX881ZV7nnABYejV8bp 0x909f12df377343d0d935500da28530f9876f9f0a 1582044453552 [58,134,59,134,58,133,59,133]
=> 257 of 401: #Fixed# QmQUb6ZFsHddfqwUfrYHBnGdfayg8qTKQYJPxCVkKkXtNY 0x909f12df377343d0d935500da28530f9876f9f0a 1582043976987 [58,134,59,134,58,133,59,133]
=> 258 of 401: #Fixed# QmV29BEamLcSEg2bcGEp4tAU18odb6ui9Z7pabWtPvcBLq 0x909f12df377343d0d935500da28530f9876f9f0a 1582043674834 [58,134,59,134,58,133,59,133]
=> 259 of 401: #Fixed# QmbfqhxiqKZGVC9S9LyATNpRHJ3yw9MUNxxzPdNa7BgWa1 0x909f12df377343d0d935500da28530f9876f9f0a 1582043563308 [58,134,59,134,58,133,59,133]
=> 260 of 401: #Fixed# QmVDYFbR5Rt6ozsdMdmYdEpyHF4Cd5N1Hgsh972MhuuYhd 0x909f12df377343d0d935500da28530f9876f9f0a 1582043427386 [58,134,59,134,58,133,59,133]
=> 261 of 401: #Fixed# QmbBnQnDuyUJGWAqwfnTxzFG4ukhMTTqWsVg6b4n6AKEKw 0x909f12df377343d0d935500da28530f9876f9f0a 1582043237817 [58,134,59,134,58,133,59,133]
=> 262 of 401: #Fixed# QmTf5KQSjKqctVkGmMzFyKj6Gy5xUkdFNGNec2dZuKVBar 0x909f12df377343d0d935500da28530f9876f9f0a 1582042982464 [58,134,59,134,58,133,59,133]
=> 263 of 401: #Fixed# Qmeh1VJvXBgTUTCbHbEFtMMdgQwU5QcMR2a26gYcNgqzd3 0x909f12df377343d0d935500da28530f9876f9f0a 1582042214468 [58,134,59,134,58,133,59,133]
=> 264 of 401: #Fixed# QmPjee6uoRAQ3PV5rjJgFY1VoeizUQCZB37hPWPXGZM4Jh 0x909f12df377343d0d935500da28530f9876f9f0a 1582042201092 [58,134,59,134,58,133,59,133]
=> 265 of 401: #Fixed# Qmd4tioXsUyxZuVbk6vqvPJeQSiCHMpj8NkMrQtxmbk3Jx 0x909f12df377343d0d935500da28530f9876f9f0a 1582041942790 [58,134,59,134,58,133,59,133]
=> 266 of 401: #Fixed# QmUdANtQ3oHSt3svJvqZxNDhyATDQ1otQFNu6qzPk7gcjw 0x909f12df377343d0d935500da28530f9876f9f0a 1582041020325 [58,134,59,134,58,133,59,133]
=> 267 of 401: #Fixed# QmcX3YZnf47o9z9q1Yr6kWAVXyvwoCi5MV3mcRNupZasce 0x91e222Ed7598eFBCFE7190481f2fd14897E168c8 1582040820823 [-44,58,-44,59,-44,60,-44,61,-43,58,-43,59,-43,60,-43,61,-42,58,-42,59,-42,60,-42,61,-41,58,-41,59,-41,60,-41,61]
=> 268 of 401: #Fixed# QmbVkf5rX4psrdAbQFi5qEg9UPnzDVhTUQmmj1EnsL2fw1 0x909f12df377343d0d935500da28530f9876f9f0a 1582040723015 [58,134,59,134,58,133,59,133]
=> 269 of 401: #Fixed# QmRC4BVCpMDTR8VuqHG2uWETYb4q6TUp5UvMSHCnYCarQ1 0x909f12df377343d0d935500da28530f9876f9f0a 1582040197497 [58,134,59,134,58,133,59,133]
=> 270 of 401: #Fixed# Qmc1qeDeSYFhohG9FSJ2Eu6LzH4EMTCH3cMDQy4rdVUHKe 0x909f12df377343d0d935500da28530f9876f9f0a 1582039257044 [58,134,59,134,58,133,59,133]
=> 271 of 401: #Fixed# QmS7xhafCic7fCgyoTsNfz9S9YG9X6bB9qedRMWc7QwcDH 0x909f12df377343d0d935500da28530f9876f9f0a 1582037349119 [59,135]
=> 272 of 401: #Fixed# QmUKWhnCYr6jTMt5fPaF1F4QaTehpWWX9gVZnwGHzPt5eK 0x909f12df377343d0d935500da28530f9876f9f0a 1582036568609 [58,134,59,134,58,133,59,133]
=> 273 of 401: #Fixed# QmcDYrxsVaeK43xWKRn3gnrGEhPFvg3c4hmowMvatv1ysJ 0x91e222Ed7598eFBCFE7190481f2fd14897E168c8 1582036181848 [-49,52,-49,53,-49,54,-49,55,-49,56,-48,52,-48,53,-48,54,-48,55,-48,56,-47,52,-47,53,-47,54,-47,55,-47,56,-46,52,-46,53,-46,54,-46,55,-46,56,-45,52,-45,53,-45,54,-45,55,-45,56]
=> 274 of 401: #Fixed# QmeDfeXWVCsPGMSgccBPdFdbFNZFqTQY4EJ9brjZcxJyEv 0x909f12df377343d0d935500da28530f9876f9f0a 1582035911151 [59,135]
=> 275 of 401: #Fixed# QmQsmAErUUVKfsn9JUZExMgbPWHm9P1VfNR3sCLA7v3hXD 0x909f12df377343d0d935500da28530f9876f9f0a 1582035677791 [59,135]
=> 276 of 401: #Fixed# QmeFYM6uHCY1AXFDCHyeHw4uXHC19XTXsEXWi8iH7Ytpnv 0x909f12df377343d0d935500da28530f9876f9f0a 1582035536886 [59,135]
=> 277 of 401: #Fixed# QmbXaXbPC3mtDxXoLAQt19KVsuFaTxwHUYtZoqYWdBf8aL 0x909f12df377343d0d935500da28530f9876f9f0a 1582035213780 [58,134,59,134,58,133,59,133]
=> 278 of 401: #Fixed# QmZCYySCSSUdF24pfDCxo575KCmKSr2Sc6WT24V2jap9eA 0x909f12df377343d0d935500da28530f9876f9f0a 1582035146096 [58,134,59,134,58,133,59,133]
=> 279 of 401: #Fixed# QmXdxMe6BPUW4AdQxfF8tLrUQVHWpFsRm597ARaULozp38 0x909f12df377343d0d935500da28530f9876f9f0a 1582034803681 [59,135]
=> 280 of 401: #Fixed# QmQj48BecwqsxQTRqurSdAgv9GHd3PVj1CRMohG2eRUK8q 0x909f12df377343d0d935500da28530f9876f9f0a 1582033981701 [59,135]
=> 281 of 401: Invalid QmNn2oVpyXxNzhM8nZa4jsUu76e8EXbYDs7NaPjb8aFuxj 0x70cFb74cDb5D61b5cC040D5C8dD0D3E160e0E36D 1582026926930 [2,12]
[ 'The provided Eth Address does not have access to the following parcel: (2,12)' ]
=> 282 of 401: Invalid QmbTsE4NJ1Mg82YF2xVbfkFRWkxzSJfVFgQw5eiaGNk3TH 0x70cFb74cDb5D61b5cC040D5C8dD0D3E160e0E36D 1582026883951 [2,12]
[ 'The provided Eth Address does not have access to the following parcel: (2,12)' ]
=> 283 of 401: #Fixed# QmXgEqvUsymwCAcWkn7b92Ro2vNGTZjYpauVagkv6rKtkh 0xdf5BeEbf9B3B1817a4f3EA68809438b510120CF7 1582015996785 [42,-113]
=> 284 of 401: #Fixed# QmY2KrMf4ZmcBZ1iKcNdmB9ZQEdmfNoLDBfH8LQdacK78v 0xdf5BeEbf9B3B1817a4f3EA68809438b510120CF7 1582015538680 [42,-113]
=> 285 of 401: #Fixed# QmWdykEX7yQjpkxRX2ptb3YPcroLE2bUxEH4aSU5k8dZXF 0xdf5BeEbf9B3B1817a4f3EA68809438b510120CF7 1582015495223 [42,-113]
=> 286 of 401: Invalid QmPJ4Ct9A3a2tVB1Cse56xxUa4MmfvLQntLeNbcvLmZgMc 0xB908De4c389E7A8EEb4B7367587d2784Bb7E1e47 1582003458114 [102,4]
[ 'The provided Eth Address does not have access to the following parcel: (102,4)' ]
=> 287 of 401: #Fixed# QmNPBzpUu6qh3iLkGKQF9Y5Wh11tYv3NzFXtRkhzQzau8Y 0x91e222Ed7598eFBCFE7190481f2fd14897E168c8 1581979881957 [-49,52,-49,53,-49,54,-49,55,-49,56,-48,52,-48,53,-48,54,-48,55,-48,56,-47,52,-47,53,-47,54,-47,55,-47,56,-46,52,-46,53,-46,54,-46,55,-46,56,-45,52,-45,53,-45,54,-45,55,-45,56]
=> 288 of 401: #Fixed# QmUvJVwy9bDGmVEDCfjpHZiKie2eGomJ8XGSNHybXuahS3 0xAaBe0ecFaf9e028d63cf7ea7E772CF52d662691A 1581968720919 [-141,-81]
=> 289 of 401: #Fixed# QmSmcHamMSwgbyH7LLdwoPCd1pzzBojKWW3x99q1hep9VN 0xAaBe0ecFaf9e028d63cf7ea7E772CF52d662691A 1581968683158 [-141,-81]
=> 290 of 401: #Fixed# QmZV23L3VUqa9t6bEk4YQvi7qc4fbe2bPGXLKodDh2caWV 0xAaBe0ecFaf9e028d63cf7ea7E772CF52d662691A 1581968212205 [-141,-81]
=> 291 of 401: #Fixed# QmYBNKK7bAz2Js2grm8aiTQ7DFzVuonxhy738YX5cVQmMv 0xAaBe0ecFaf9e028d63cf7ea7E772CF52d662691A 1581967555871 [-141,-81]
=> 292 of 401: #Fixed# QmW9rEuMgFmppuhBEkzFczpQm5A4oYx2ucHqp1a2mXtGsp 0xAaBe0ecFaf9e028d63cf7ea7E772CF52d662691A 1581964576960 [-141,-81]
=> 293 of 401: #Fixed# QmP38aBHDj28Gs5VxRTs3LLAdkmbqkqPehsfQRRBWiDqRc 0xAaBe0ecFaf9e028d63cf7ea7E772CF52d662691A 1581963754121 [-141,-81]
=> 294 of 401: #Fixed# QmSWsxgWo5WtLz6wqG48FpVAe4WbHGjoxUm3JuuBErX8Xj 0xe2b6024873d218B2E83B462D3658D8D7C3f55a18 1581949383374 [81,-30]
=> 295 of 401: #Fixed# QmPjYAMBFpnPmLnDDWCXiF8JkWVGqCd958Lxu9XpgLsh32 0xe2b6024873d218B2E83B462D3658D8D7C3f55a18 1581948221396 [81,-30]
=> 296 of 401: #Fixed# QmafDh5DGcoXvuuPBEYZpS7DW56xRDFTJBppJaSXPjXjtg 0xe2b6024873d218B2E83B462D3658D8D7C3f55a18 1581947741606 [81, -30]
=> 297 of 401: #Fixed# QmWTit3PGGdpVyDXaXrdbGnZqvFWy8adnVUaAmcNXFpShU 0x91e222Ed7598eFBCFE7190481f2fd14897E168c8 1581947338460 [-44,58,-44,59,-44,60,-44,61,-43,58,-43,59,-43,60,-43,61,-42,58,-42,59,-42,60,-42,61,-41,58,-41,59,-41,60,-41,61]
=> 298 of 401: #Fixed# QmPruCkwddUdh7mLxKjBDFQSgRn99xvwbW9RdMvi49NP88 0xe2b6024873d218B2E83B462D3658D8D7C3f55a18 1581947185232 [81,-30]
=> 299 of 401: #Fixed# QmZd4KaJRHwNp8o5wBenaXmLELZyn3Sg5vXWNAFxd4oae7 0x91e222Ed7598eFBCFE7190481f2fd14897E168c8 1581946884565 [-44,58,-44,59,-44,60,-44,61,-43,58,-43,59,-43,60,-43,61,-42,58,-42,59,-42,60,-42,61,-41,58,-41,59,-41,60,-41,61]
=> 300 of 401: #Fixed# QmcDB8oaouymuryjWU6UMtay6UTBFRECpB35RSaj9mXc1D 0x91e222Ed7598eFBCFE7190481f2fd14897E168c8 1581946674147 [-44,58,-44,59,-44,60,-44,61,-43,58,-43,59,-43,60,-43,61,-42,58,-42,59,-42,60,-42,61,-41,58,-41,59,-41,60,-41,61]
=> 301 of 401: #Fixed# QmVSakbhCzT9sTgDqfEs573UBLV2JpALwS3ecSorWbThUC 0x91e222Ed7598eFBCFE7190481f2fd14897E168c8 1581946528699 [-44,58,-44,59,-44,60,-44,61,-43,58,-43,59,-43,60,-43,61,-42,58,-42,59,-42,60,-42,61,-41,58,-41,59,-41,60,-41,61]
=> 302 of 401: Invalid Qmd7fJe4qWMfzXjgqX65GPa6tDfhMuGP2npyf1brtrUPv5 0xe5cf1BB88a59F9fC609689C681D1d14bfE7Ce73A 1581941290738 [-69,77,-69,78,-69,79,-69,80,-69,81,-69,82,-68,77,-68,78,-68,79,-68,80,-68,81,-68,82,-67,77,-67,78,-67,79,-67,80,-67,81,-67,82,-66,77,-66,78,-66,79,-66,80,-66,81,-66,82,-65,77,-65,78,-65,79,-65,80,-65,81,-65,82]
[ 'The provided Eth Address does not have access to the following parcel: (-68,77)',
  'The provided Eth Address does not have access to the following parcel: (-69,81)',
  'The provided Eth Address does not have access to the following parcel: (-69,78)',
  'The provided Eth Address does not have access to the following parcel: (-69,77)',
  'The provided Eth Address does not have access to the following parcel: (-69,79)',
  'The provided Eth Address does not have access to the following parcel: (-67,78)',
  'The provided Eth Address does not have access to the following parcel: (-66,77)',
  'The provided Eth Address does not have access to the following parcel: (-68,81)',
  'The provided Eth Address does not have access to the following parcel: (-68,78)',
  'The provided Eth Address does not have access to the following parcel: (-67,80)',
  'The provided Eth Address does not have access to the following parcel: (-69,80)',
  'The provided Eth Address does not have access to the following parcel: (-67,81)',
  'The provided Eth Address does not have access to the following parcel: (-69,82)',
  'The provided Eth Address does not have access to the following parcel: (-68,82)',
  'The provided Eth Address does not have access to the following parcel: (-66,80)',
  'The provided Eth Address does not have access to the following parcel: (-67,77)',
  'The provided Eth Address does not have access to the following parcel: (-66,79)',
  'The provided Eth Address does not have access to the following parcel: (-67,79)',
  'The provided Eth Address does not have access to the following parcel: (-65,82)',
  'The provided Eth Address does not have access to the following parcel: (-65,78)',
  'The provided Eth Address does not have access to the following parcel: (-67,82)',
  'The provided Eth Address does not have access to the following parcel: (-65,80)',
  'The provided Eth Address does not have access to the following parcel: (-66,81)',
  'The provided Eth Address does not have access to the following parcel: (-68,80)',
  'The provided Eth Address does not have access to the following parcel: (-66,82)',
  'The provided Eth Address does not have access to the following parcel: (-68,79)',
  'The provided Eth Address does not have access to the following parcel: (-65,81)',
  'The provided Eth Address does not have access to the following parcel: (-65,79)',
  'The provided Eth Address does not have access to the following parcel: (-66,78)',
  'The provided Eth Address does not have access to the following parcel: (-65,77)' ]
=> 303 of 401: #Fixed# QmQ4Y3wYpksX3mULkuKAC6Qa5B4kE9okHPU5S7ndtat4QG 0x91e222Ed7598eFBCFE7190481f2fd14897E168c8 1581934144947 [-44,58,-44,59,-44,60,-44,61,-43,58,-43,59,-43,60,-43,61,-42,58,-42,59,-42,60,-42,61,-41,58,-41,59,-41,60,-41,61]
=> 304 of 401: #Fixed# QmeLqMTLVb5WnxMjF2yvQR28krfHSccYVE8JtjqrWCMozi 0x91e222Ed7598eFBCFE7190481f2fd14897E168c8 1581934038695 [-34,62,-33,62,-32,62,-31,62,-30,62,-29,62]
=> 305 of 401: #Fixed# QmXZF7HcnhjZRk4fr1sdxmf3bxQvjfC3RDh8hZdKoMAfPZ 0x91e222Ed7598eFBCFE7190481f2fd14897E168c8 1581933991161 [-24,55,-24,56,-24,57,-24,58,-24,59,-24,60]
=> 306 of 401: #Fixed# Qmbhy7VR6NtS5oCvSe4s3j8D6TxRESKtxBaGMbJvcYNTBT 0x91e222Ed7598eFBCFE7190481f2fd14897E168c8 1581933951450 [-47,62,-46,62,-45,62,-44,62,-43,62,-42,62,-41,62,-40,62]
=> 307 of 401: #Fixed# QmRAFsNetTTPvK7jevtZwPU2PRoerLG2QPidMyDucjLDor 0x91e222Ed7598eFBCFE7190481f2fd14897E168c8 1581933906028 [-44,52,-43,52,-42,52,-41,52,-40,52,-39,52,-38,52,-37,52,-36,52,-35,52,-34,52,-33,52,-32,52,-31,52,-30,52,-29,52,-28,52,-27,52]
=> 308 of 401: #Fixed# QmUrcd7a3yhWQWvpiTCWDKoktzKRQxByjNXKPhmrVSPW2X 0x91e222Ed7598eFBCFE7190481f2fd14897E168c8 1581933856955 [-49,57,-49,58,-49,59,-49,60]
=> 309 of 401: #Fixed# QmW9CpXvePxTd1HSYQV4SsRwxxrEH7TA6KhL3BVqb43TLj 0x91e222Ed7598eFBCFE7190481f2fd14897E168c8 1581933816973 [-49,61,-49,62,-48,61,-48,62]
=> 310 of 401: Invalid QmeCfwXhvXyuXcWx9eM3FCkdd5PxQ3shZtmnhWaWsAeeft 0xe5cf1BB88a59F9fC609689C681D1d14bfE7Ce73A 1581922003679 [-26,102,-26,103,-26,104,-25,102,-25,103,-25,104,-24,102,-24,103,-24,104]
[ 'The provided Eth Address does not have access to the following parcel: (-25,102)',
  'The provided Eth Address does not have access to the following parcel: (-26,103)',
  'The provided Eth Address does not have access to the following parcel: (-24,103)',
  'The provided Eth Address does not have access to the following parcel: (-26,102)',
  'The provided Eth Address does not have access to the following parcel: (-24,102)',
  'The provided Eth Address does not have access to the following parcel: (-26,104)',
  'The provided Eth Address does not have access to the following parcel: (-25,103)',
  'The provided Eth Address does not have access to the following parcel: (-25,104)',
  'The provided Eth Address does not have access to the following parcel: (-24,104)' ]
=> 311 of 401: Invalid QmRUp4RoTa32PLj4VC5bwfmwDc3SMBVUdsk6rzKpPLzgzf 0xe5cf1BB88a59F9fC609689C681D1d14bfE7Ce73A 1581918322577 [-26,102,-26,103,-26,104,-25,102,-25,103,-25,104,-24,102,-24,103,-24,104]
[ 'The provided Eth Address does not have access to the following parcel: (-24,103)',
  'The provided Eth Address does not have access to the following parcel: (-25,103)',
  'The provided Eth Address does not have access to the following parcel: (-26,103)',
  'The provided Eth Address does not have access to the following parcel: (-25,102)',
  'The provided Eth Address does not have access to the following parcel: (-24,102)',
  'The provided Eth Address does not have access to the following parcel: (-26,102)',
  'The provided Eth Address does not have access to the following parcel: (-24,104)',
  'The provided Eth Address does not have access to the following parcel: (-25,104)',
  'The provided Eth Address does not have access to the following parcel: (-26,104)' ]
=> 312 of 401: Invalid QmcvfmuW3n29pXzYNobH4FiXKBycjA79wV49JtAr8At619 0xe5cf1BB88a59F9fC609689C681D1d14bfE7Ce73A 1581916424854 [-26,102,-26,103,-26,104,-25,102,-25,103,-25,104,-24,102,-24,103,-24,104]
[ 'The provided Eth Address does not have access to the following parcel: (-24,104)',
  'The provided Eth Address does not have access to the following parcel: (-25,104)',
  'The provided Eth Address does not have access to the following parcel: (-25,103)',
  'The provided Eth Address does not have access to the following parcel: (-26,103)',
  'The provided Eth Address does not have access to the following parcel: (-26,102)',
  'The provided Eth Address does not have access to the following parcel: (-24,103)',
  'The provided Eth Address does not have access to the following parcel: (-25,102)',
  'The provided Eth Address does not have access to the following parcel: (-24,102)',
  'The provided Eth Address does not have access to the following parcel: (-26,104)' ]
=> 313 of 401: Invalid QmYE3oq6J59J3hEnNWYds5dn1BXa3uMFFroMTN7ZaRFVKt 0xe5cf1BB88a59F9fC609689C681D1d14bfE7Ce73A 1581915830857 [-26,102,-26,103,-26,104,-25,102,-25,103,-25,104,-24,102,-24,103,-24,104]
[ 'The provided Eth Address does not have access to the following parcel: (-26,102)',
  'The provided Eth Address does not have access to the following parcel: (-25,104)',
  'The provided Eth Address does not have access to the following parcel: (-26,104)',
  'The provided Eth Address does not have access to the following parcel: (-24,103)',
  'The provided Eth Address does not have access to the following parcel: (-25,103)',
  'The provided Eth Address does not have access to the following parcel: (-24,102)',
  'The provided Eth Address does not have access to the following parcel: (-24,104)',
  'The provided Eth Address does not have access to the following parcel: (-25,102)',
  'The provided Eth Address does not have access to the following parcel: (-26,103)' ]
=> 314 of 401: #Fixed# QmNQKuzKw7ay7nAhG7fyu8CsFMBAXmEHGbR9jg8RmbkoRf 0x91e222Ed7598eFBCFE7190481f2fd14897E168c8 1581861608301 [-26,52,-26,53,-26,54,-25,52,-25,53,-25,54,-24,52,-24,53,-24,54]
=> 315 of 401: #Fixed# QmWmpedroECMaRVBxiNcj3yf525uhFmdx14EM3cMxW8hqJ 0x91e222Ed7598eFBCFE7190481f2fd14897E168c8 1581861569841 [-24,54,-24,53,-24,52,-25,54,-25,53,-25,52,-26,54,-26,53,-26,52]
=> 316 of 401: #Fixed# QmcTEfR2a1iLXkQW4o8UrsMdzBoiVoeUKicrvbY9FqBQpA 0x91e222Ed7598eFBCFE7190481f2fd14897E168c8 1581861112148 [-49,52,-49,53,-49,54,-49,55,-49,56,-48,52,-48,53,-48,54,-48,55,-48,56,-47,52,-47,53,-47,54,-47,55,-47,56,-46,52,-46,53,-46,54,-46,55,-46,56,-45,52,-45,53,-45,54,-45,55,-45,56]
=> 317 of 401: #Fixed# Qmb25UocLf8C346atqRaBZvvY2X55k5apSsTRZDr98gsH6 0x91e222Ed7598eFBCFE7190481f2fd14897E168c8 1581861062279 [-45,56,-45,55,-45,54,-45,53,-45,52,-46,56,-46,55,-46,54,-46,53,-46,52,-47,56,-47,55,-47,54,-47,53,-47,52,-48,56,-48,55,-48,54,-48,53,-48,52,-49,56,-49,55,-49,54,-49,53,-49,52]
=> 318 of 401: #Fixed# QmWU6ohSezaX6CLrMkkn38GAZBET4Di33uukvK1M9S9N7i 0x91e222Ed7598eFBCFE7190481f2fd14897E168c8 1581860945919 [-24,54,-24,53,-24,52,-25,54,-25,53,-25,52,-26,54,-26,53,-26,52]
=> 319 of 401: #Fixed# QmVPhJTMDhWAHAWfq5F7LtxhCN1T1qA2aoz8appkHU79C2 0x91e222Ed7598eFBCFE7190481f2fd14897E168c8 1581860865350 [-45,56,-45,55,-45,54,-45,53,-45,52,-46,56,-46,55,-46,54,-46,53,-46,52,-47,56,-47,55,-47,54,-47,53,-47,52,-48,56,-48,55,-48,54,-48,53,-48,52,-49,56,-49,55,-49,54,-49,53,-49,52]
=> 320 of 401: #Fixed# QmXs9Yc6DwxCtS84nHMpBEc6ujTQdCZX3pTD51BGkSXsdo 0x91e222Ed7598eFBCFE7190481f2fd14897E168c8 1581860745164 [-24,54,-24,53,-24,52,-25,54,-25,53,-25,52,-26,54,-26,53,-26,52]
=> 321 of 401: #Fixed# QmPi5cFg41Hgg4qMSzz5FKghhUYUnUW6TAodrnjszV6HhH 0x91e222Ed7598eFBCFE7190481f2fd14897E168c8 1581860713334 [-45,56,-45,55,-45,54,-45,53,-45,52,-46,56,-46,55,-46,54,-46,53,-46,52,-47,56,-47,55,-47,54,-47,53,-47,52,-48,56,-48,55,-48,54,-48,53,-48,52,-49,56,-49,55,-49,54,-49,53,-49,52]
=> 322 of 401: #Fixed# Qmd5aboPFGbuPWvRzQRHE9NBRW93A5tPMNLdHnVu7iryJT 0x91e222Ed7598eFBCFE7190481f2fd14897E168c8 1581860143418 [-45,56,-45,55,-45,54,-45,53,-45,52,-46,56,-46,55,-46,54,-46,53,-46,52,-47,56,-47,55,-47,54,-47,53,-47,52,-48,56,-48,55,-48,54,-48,53,-48,52,-49,56,-49,55,-49,54,-49,53,-49,52]
=> 323 of 401: Invalid QmRmN36qtANL8M7x7s69ndyMe3oWKk9bViePJJNp3SKS8f 0x0a26E8a4305Ad5D9e6844e9D2aaD05262b1285E6 1581854868765 [-24,-118,-23,-118]
[ 'The provided Eth Address does not have access to the following parcel: (-24,-118)',
  'The provided Eth Address does not have access to the following parcel: (-23,-118)' ]
=> 324 of 401: #Fixed# QmSs2L2JBMu4ijjm9xSLJBxVz7ien2sJ6JTCLQjNLNXJpG 0x91e222Ed7598eFBCFE7190481f2fd14897E168c8 1581845633568 [-24,54,-24,53,-24,52,-25,54,-25,53,-25,52,-26,54,-26,53,-26,52]
=> 325 of 401: #Fixed# QmSp1qMU8kJ9yP4FeyDsJMuptzdGYoPiEYRZCAGiBtqkqB 0x91e222Ed7598eFBCFE7190481f2fd14897E168c8 1581845534693 [-45,56,-45,55,-45,54,-45,53,-45,52,-46,56,-46,55,-46,54,-46,53,-46,52,-47,56,-47,55,-47,54,-47,53,-47,52,-48,56,-48,55,-48,54,-48,53,-48,52,-49,56,-49,55,-49,54,-49,53,-49,52]
=> 326 of 401: #Fixed# QmbYhPRC5jz6QHzUWwtWByB83ddALeSykvC4ZLhV3v4VFF 0x7979dbb8001e49561dda0d9731d86250f71d8014 1581845269792 [-84,14,-84,15,-84,16,-84,17,-84,18,-84,19,-83,14,-83,15,-83,16,-83,17,-83,18,-83,19,-82,14,-82,15,-82,16,-82,17,-82,18,-82,19,-81,14,-81,15,-81,16,-81,17,-81,18,-81,19,-80,14,-80,15,-80,16,-80,17,-80,18,-80,19]
=> 327 of 401: #Fixed# QmeNunwP7haSVj7C2Eo7NwRmgo5svz6Ec8zBfrWjFu8d34 0xd210DC1dd26751503CbF1B8c9154224707820da8 1581842339089 [80,-78,80,-77,81,-78,81,-77]
=> 328 of 401: #Fixed# QmQeNxe4o4xXa5n4UjV4CjrUJBPhTtBAoVoCEWvE9yuaSi 0xd210DC1dd26751503CbF1B8c9154224707820da8 1581841408988 [88,-138,88,-137,89,-138,89,-137,90,-138,90,-137]
=> 329 of 401: #Fixed# QmUKxfkhrNhFTVKVAHeFUY164QYCwvVZmKKGjery762a2n 0xd210DC1dd26751503CbF1B8c9154224707820da8 1581841222706 [77,-129,77,-128,77,-127,77,-126,77,-125,77,-124,78,-129,78,-128,78,-127,78,-126,78,-125,78,-124,79,-129,79,-128,79,-127,79,-126,79,-125,79,-124,80,-129,80,-128,80,-127,80,-126,80,-125,80,-124,81,-129,81,-128,81,-127,81,-126,81,-125,81,-124]
=> 330 of 401: #Fixed# QmdpmVWhZpDbt7ZqcMKdEg4afGwk6P9ZgP7vFqLBxaVHzx 0xd210DC1dd26751503CbF1B8c9154224707820da8 1581841031810 [134,-87,134,-86,134,-85,134,-84,134,-83,134,-82,135,-87,135,-86,135,-85,135,-84,135,-83,135,-82,136,-87,136,-86,136,-85,136,-84,136,-83,136,-82,137,-87,137,-86,137,-85,137,-84,137,-83,137,-82,138,-87,138,-86,138,-85,138,-84,138,-83,138,-82]
=> 331 of 401: #Fixed# QmbzUZtEKV3kX8E3ezx4mMPDwtjZPFkAngqbr8Pa53dUjB 0xd210DC1dd26751503CbF1B8c9154224707820da8 1581840881876 [123,-39]
=> 332 of 401: #Fixed# QmfX2Cevg6mVCyroYVaHEaMx7bwr6Udku82rz5MfLaVgHV 0xd210DC1dd26751503CbF1B8c9154224707820da8 1581840737378 [132,-67]
=> 333 of 401: #Fixed# QmRvRM3gvk58qdA68nxnujNcHiyV88gAk4q3MT8ghvTbJa 0xAaBe0ecFaf9e028d63cf7ea7E772CF52d662691A 1581824011587 [-141,-81]
=> 334 of 401: #Fixed# QmYiajoDSLjn8gy4RxAHC8pxhxWatkH29isxHqJjrnE3qc 0xAaBe0ecFaf9e028d63cf7ea7E772CF52d662691A 1581823570070 [-141,-81]
=> 335 of 401: #Fixed# QmdsgHpQfhgoYi4DBiqdy1yUQf81LjPhoikuuYATcJiywp 0xAaBe0ecFaf9e028d63cf7ea7E772CF52d662691A 1581822636671 [-141,-81]
=> 336 of 401: #Fixed# QmckuGca9nKGQfJJ4oj8un8Up3AizwussS9fuQ7PNhKtAy 0x7979dbb8001e49561dda0d9731d86250f71d8014 1581807049896 [-84,14,-84,15,-84,16,-84,17,-84,18,-84,19,-83,14,-83,15,-83,16,-83,17,-83,18,-83,19,-82,14,-82,15,-82,16,-82,17,-82,18,-82,19,-81,14,-81,15,-81,16,-81,17,-81,18,-81,19,-80,14,-80,15,-80,16,-80,17,-80,18,-80,19]
=> 337 of 401: #Fixed# QmYMRJyA8b8wC5979DnnsxvGr286YNFBJqj6iX6Kd7JyhH 0x7979dbb8001e49561dda0d9731d86250f71d8014 1581800645476 [-45,36]
=> 338 of 401: #Fixed# QmPTrnEL7HLKyw4VSkAStaLJQ1tAuWiMopHrAsJVbb1XWs 0x7979dbb8001e49561dda0d9731d86250f71d8014 1581800563688 [-45,37]
=> 339 of 401: #Fixed# QmegdECw88cHZsrXA4Cf5pqAjtpzGTQ8DMs4BEk6h9Hrx1 0x7979dbb8001e49561dda0d9731d86250f71d8014 1581800474570 [-45,37]
=> 340 of 401: #Fixed# QmbfexPZzSaD1AB58Qph6JzqdGbKEwm7yDCeCgMT68NNG5 0x7979dbb8001e49561dda0d9731d86250f71d8014 1581800142780 [-45,37]
=> 341 of 401: #Fixed# QmbrEawQnu1Nepp372nS5wcsMvD4zb6RsCSNC7XptCguHW 0x7979dbb8001e49561dda0d9731d86250f71d8014 1581799971680 [-45,37]
=> 342 of 401: #Fixed# QmapqNeQNUMjrT3ZVAY4f8DMrB3jEXwDcYdXNKroAAtRBM 0x7979dbb8001e49561dda0d9731d86250f71d8014 1581799639531 [-45,36]
=> 343 of 401: #Fixed# QmWrES9UUhK4PbLG8uVcqnK7nqY9Taq7PgQsgcgSrUCfGS 0x7979dbb8001e49561dda0d9731d86250f71d8014 1581799283475 [-45,36]
=> 344 of 401: #Fixed# QmWtDTJrtF94eRATZ3MoKYGmVvy55N9e9ha5ixamdbqTym 0x7979dbb8001e49561dda0d9731d86250f71d8014 1581797039979 [-45,39]
=> 345 of 401: #Fixed# QmbiUaQ2u7t8uiXKoT1SkdhicMQ6Dfxbmj6HwgSyje66MK 0x7979dbb8001e49561dda0d9731d86250f71d8014 1581796887458 [-46,40]
=> 346 of 401: #Fixed# QmQmZyU7N5MFWnvU2djv2abPBn7NihSNKwXqrGTnsqfAeT 0x7979dbb8001e49561dda0d9731d86250f71d8014 1581796769129 [-46,39]
=> 347 of 401: #Fixed# QmUuNN9d5Yw2n47DebDREDb4nZmt4tC7h9jyJAWxCj8xrC 0xdc13378dafca7fe2306368a16bcfac38c80bfcad 1581796676852 [-129,-141,-129,-140,-129,-139,-129,-138,-129,-137,-129,-136,-128,-141,-128,-140,-128,-139,-128,-138,-128,-137,-128,-136,-127,-141,-127,-140,-127,-139,-127,-138,-127,-137,-127,-136,-126,-141,-126,-140,-126,-139,-126,-138,-126,-137,-126,-136,-125,-141,-125,-140,-125,-139,-125,-138,-125,-137,-125,-136]
=> 348 of 401: #Fixed# QmSkSRMSYMSZBZVhQ5VbUXN11ByRJRxZrzt7GcpAT8MHr6 0x7979dbb8001e49561dda0d9731d86250f71d8014 1581795880835 [-46,39]
=> 349 of 401: #Fixed# QmPMFgGRNuV7P5ZzgorA9S4t1ae7376z1K9ZH4CnauJy8T 0x7979dbb8001e49561dda0d9731d86250f71d8014 1581795775151 [-46,39]
=> 350 of 401: #Fixed# QmV8GrAPtbjzdE3B4dqkYVptikJ7vag5D2MBhb3Tv1K7Zd 0x7979dbb8001e49561dda0d9731d86250f71d8014 1581795661183 [-45,40]
=> 351 of 401: #Fixed# QmZNiT6oSXjh49X1JjncaR77Gyiy6sv8ZDhr1Rr9mCbkrU 0x7979dbb8001e49561dda0d9731d86250f71d8014 1581794875922 [-45,40]
=> 352 of 401: #Fixed# Qmcnt3gb99NpGVLWvVWsQZ2oncNU4f5qAFoJpnXCrhuTpp 0x7979dbb8001e49561dda0d9731d86250f71d8014 1581794761577 [-46,39]
=> 353 of 401: #Fixed# QmStPUAKSvxPd1ipjnyVN5JoMLuEP2mACH9J9SvQb2eC7D 0x7979dbb8001e49561dda0d9731d86250f71d8014 1581794352587 [-46,39]
=> 354 of 401: #Fixed# QmQqBKNMDnmwVXVF1hyP92oGWG2kysHvK8W1MpWxYHiWni 0xe2b6024873d218B2E83B462D3658D8D7C3f55a18 1581719723819 [81,-30]
=> 355 of 401: #Fixed# QmP1zSkJqTUbvivYBxYhvxYWZ4S3pjuoGfejS9F2H7Mznm 0xe2b6024873d218B2E83B462D3658D8D7C3f55a18 1581718775329 [81,-30]
=> 356 of 401: #Fixed# QmeZ9JpbumLGiGJwm66jX12br8Km3Lgj3XjnigpCKDVe8f 0xd210DC1dd26751503CbF1B8c9154224707820da8 1581699700707 [116,-43,116,-42,117,-43,117,-42]
=> 357 of 401: #Fixed# QmezSQ6SJLAXpYe68zUm5MBxpUtj7k6By6EKLBtErxQiuW 0xd210DC1dd26751503CbF1B8c9154224707820da8 1581699216185 [136,-80,136,-79,137,-80,137,-79,138,-80,138,-79]
=> 358 of 401: #Fixed# QmXZukzkPvgD6eZGgxBfeQNd836Dv4QUEnJ5GxxZt4mYBH 0xd210DC1dd26751503CbF1B8c9154224707820da8 1581699104931 [106,-43,106,-42,107,-43,107,-42,108,-43,108,-42]
=> 359 of 401: #Fixed# QmWCtSx6ZbyJgrNWRmXfR2wM61yjae312PWT7v2sRhBCiW 0xFB95fD4E72844f73625790D50C47Bc3C2868Df28 1581698784589 [-67,-110,-67,-109,-66,-110,-66,-109,-65,-110,-65,-109]
=> 360 of 401: #Fixed# QmTpsb2zikMSx7WG5ZVHLAs64hAmQTyqnZdLzP6C9Vuhru 0xd210DC1dd26751503CbF1B8c9154224707820da8 1581698715405 [137,-93,137,-92,138,-93,138,-92]
=> 361 of 401: #Fixed# QmbTk53aNaN46kFZ5wpTqceqAHgwG7CLLcAUp7efXVfmTB 0xd210DC1dd26751503CbF1B8c9154224707820da8 1581698232017 [91,-40,91,-39]
=> 362 of 401: #Fixed# QmY4xw8USMrT5C9ENaC1xDeYnTVQmBmYukb7J4QZDg9vvZ 0xFB95fD4E72844f73625790D50C47Bc3C2868Df28 1581697899957 [-67,-110,-67,-109,-66,-110,-66,-109,-65,-110,-65,-109]
=> 363 of 401: #Fixed# QmTSPFQJUFhn3jqVkm9BkNZ8ocyE8duBbvgQXmM5RagW6c 0xd210DC1dd26751503CbF1B8c9154224707820da8 1581696359420 [80,-62]
=> 364 of 401: #Fixed# Qmcao36Mqt9ZE1fxnQUwLtbAihowXjntsS8abULrVbHPQq 0xFB95fD4E72844f73625790D50C47Bc3C2868Df28 1581696334722 [-67,-110,-67,-109,-66,-110,-66,-109,-65,-110,-65,-109]
=> 365 of 401: #Fixed# QmQvCcuVWbjrGHcGArkH3gNRCqfqrpxYGpWY3p7myFKkSR 0xd210DC1dd26751503CbF1B8c9154224707820da8 1581696222683 [85,-51]
=> 366 of 401: #Fixed# QmZADbuE21oGsJ25iNK5cmRLgMv2XxWci3nFuLjZqJxWF8 0xd210DC1dd26751503CbF1B8c9154224707820da8 1581694990113 [131,-70,131,-69,132,-70,132,-69]
=> 367 of 401: #Fixed# QmU7EMB7JXP83igVTcu7qgiDbLa6DoqZmVNpXLu54Nus8E 0xd210DC1dd26751503CbF1B8c9154224707820da8 1581694028228 [134,-77,134,-76,134,-75,134,-74,134,-73,134,-72,134,-71,134,-70,135,-77,135,-76,135,-75,135,-74,135,-73,135,-72,135,-71,135,-70,136,-77,136,-76,136,-75,136,-74,136,-73,136,-72,136,-71,136,-70,137,-77,137,-76,137,-75,137,-74,137,-73,137,-72,137,-71,137,-70]
=> 368 of 401: #Fixed# QmY27cr8P46pVYPo28dvBhCYqybCyWjhF5zcZt4DFPxd7F 0xd210DC1dd26751503CbF1B8c9154224707820da8 1581693867650 [88,-55,88,-54,88,-53,88,-52,88,-51,88,-50,88,-49,88,-48,89,-55,89,-54,89,-53,89,-52,89,-51,89,-50,89,-49,89,-48,90,-55,90,-54,90,-53,90,-52,90,-51,90,-50,90,-49,90,-48,91,-55,91,-54,91,-53,91,-52,91,-51,91,-50,91,-49,91,-48]
=> 369 of 401: #Fixed# QmRjHrL4HSB8FHhnKhwvMmpnb3CP6p8LdP8P1gp3NjH4fX 0xd210DC1dd26751503CbF1B8c9154224707820da8 1581693693915 [88,-55,88,-54,88,-53,88,-52,88,-51,88,-50,88,-49,88,-48,89,-55,89,-54,89,-53,89,-52,89,-51,89,-50,89,-49,89,-48,90,-55,90,-54,90,-53,90,-52,90,-51,90,-50,90,-49,90,-48,91,-55,91,-54,91,-53,91,-52,91,-51,91,-50,91,-49,91,-48]
=> 370 of 401: #Fixed# QmYKSkinBLzpNEewHoKafATPfBGyFE4ZgCkGgxfMeTti7z 0xe2b6024873d218b2e83b462d3658d8d7c3f55a18 1581690073129 [64,-52]
=> 371 of 401: #Fixed# QmQx7pEfTQfq69nYDDoXfDQtesgFNDud7p5UppUVczsUnn 0xe2b6024873d218b2e83b462d3658d8d7c3f55a18 1581688864537 [64,-52]
=> 372 of 401: #Fixed# QmY2dEbE2JmWmBGkr6oNZRLcEuUX796qdvbDUMxwMyezhD 0xFB95fD4E72844f73625790D50C47Bc3C2868Df28 1581612686132 [-67,-110,-67,-109,-66,-110,-66,-109,-65,-110,-65,-109]
=> 373 of 401: #Fixed# QmS2mQjGbrhftJW8cZUHmHjojYYHaguetnfY47edkjiWVR 0xd210DC1dd26751503CbF1B8c9154224707820da8 1581610817206 [133,-67]
=> 374 of 401: #Fixed# QmVNW26qdd7heJ3tyYrnqTUT2gSEQo5zXUc5DbBdCWPBWL 0xd210DC1dd26751503CbF1B8c9154224707820da8 1581609258732 [110,-43,110,-42,111,-43,111,-42,112,-43,112,-42,113,-43,113,-42]
=> 375 of 401: #Fixed# QmQBmfE3pqEGbytLP3CssHsJtvJ1nBLRruHUcnbj5gbqEF 0xd210DC1dd26751503CbF1B8c9154224707820da8 1581608988412 [86,-49]
=> 376 of 401: #Fixed# QmZURCn5XmTj1wXM5oLbFh9uzz5nmZSB5U5D34obuijSjN 0xd210DC1dd26751503CbF1B8c9154224707820da8 1581608728379 [136,-60,137,-60]
=> 377 of 401: #Fixed# QmbuYGwUnWkJpcN8h3KF6gpM53FVkUwEsNericZsxzvJKL 0x7979DBB8001e49561DdA0D9731D86250F71D8014 1581595982727 [-45,42,-45,43]
=> 378 of 401: #Fixed# QmeVLAtgWTcZnHD3ZTARBd8We4U4s96vW9Lofiy4Any1fe 0x7979DBB8001e49561DdA0D9731D86250F71D8014 1581588742370 [-45,42]
=> 379 of 401: #Fixed# QmaB1MpmfB7KKHo4HjK9Vw4N1e7jvpLcy1oyTQgBK9EPej 0x7979DBB8001e49561DdA0D9731D86250F71D8014 1581588564749 [-45,42]
=> 380 of 401: #Fixed# QmatsLumNhD4cAh2HV3Xk3cUmuFoSraq1Cauoi4zFKw81L 0xd210DC1dd26751503CbF1B8c9154224707820da8 1581547562015 [82,-46]
=> 381 of 401: #Fixed# QmXj6GnKZCTNpmJi4CodfNkkaErgeQYZuUnvq776tzCaDa 0xd210DC1dd26751503CbF1B8c9154224707820da8 1581546640098 [82,-45]
=> 382 of 401: #Fixed# QmZ73mv64mwTEdhB2tu8ZiQKfghS7z5JuPG7jTnKYkkZ5K 0xd210DC1dd26751503CbF1B8c9154224707820da8 1581546530422 [105,-41]
=> 383 of 401: #Fixed# QmWF6rpVAJZmT3iiLEf8gzMhLKpGUNfcR95QY4UQL5DDVk 0xd210DC1dd26751503CbF1B8c9154224707820da8 1581545952465 [79,-133,79,-132,80,-133,80,-132]
=> 384 of 401: #Fixed# QmeBT6ZCZRGqKvDFrEd1b7MXpc2BpNfxfpKpWJBuximYHF 0xd210DC1dd26751503CbF1B8c9154224707820da8 1581545866687 [79,-136,79,-135,80,-136,80,-135,81,-136,81,-135]
=> 385 of 401: #Fixed# QmPDVLiekajNPfGgxqVfLgh7b3rney2cSrJrfNBaCuvcHa 0xd210DC1dd26751503CbF1B8c9154224707820da8 1581545583297 [80,-75,80,-74,80,-73,80,-72,80,-71,81,-75,81,-74,81,-73,81,-72,81,-71,82,-75,82,-74,82,-73,82,-72,82,-71,83,-75,83,-74,83,-73,83,-72,83,-71,84,-75,84,-74,84,-73,84,-72,84,-71,85,-75,85,-74,85,-73,85,-72,85,-71]
=> 386 of 401: #Fixed# QmZCZmGhFBJAB2UsuEfsSGJGUfvdXgy4Z38CcFYdpEvDFm 0xd210DC1dd26751503CbF1B8c9154224707820da8 1581542560251 [84,-55,84,-54,85,-55,85,-54]
=> 387 of 401: #Fixed# Qmc6DJjLpMk8hDuHpEkdJtye3FMSby23teaYmmbgzng1ZU 0xd210DC1dd26751503CbF1B8c9154224707820da8 1581542014433 [83,-138,83,-137,84,-138,84,-137,85,-138,85,-137,86,-138,86,-137]
=> 388 of 401: #Fixed# QmZ4G3vBV3rinxEUB51izEbw8ZwvgFgkffLkuu97UUzVGH 0xd210DC1dd26751503CbF1B8c9154224707820da8 1581541816257 [85,-49]
=> 389 of 401: #Fixed# QmPPwEikP2MtdPtidp5JKU6NYBfYZ3nCvh1oedtNmPVZa1 0xd210DC1dd26751503CbF1B8c9154224707820da8 1581541657450 [81,-111,81,-110,82,-111,82,-110]
=> 390 of 401: #Fixed# QmWcm5oX789cQLG6UndnPG8WdSQRMj3NdaXErNSbLyBF8J 0xd210DC1dd26751503CbF1B8c9154224707820da8 1581541496779 [78,-138,78,-137,79,-138,79,-137,80,-138,80,-137,81,-138,81,-137]
=> 391 of 401: #Fixed# QmbhhjruA5Bi4fkCBVvrWjxa9Zpq7bxodNbPLPZ6ZsWi5r 0xd210DC1dd26751503CbF1B8c9154224707820da8 1581541310614 [83,-60,83,-59,83,-58,84,-60,84,-59,84,-58,85,-60,85,-59,85,-58]
=> 392 of 401: #Fixed# QmYmbQBW6r2pcSeY8dNZ3e5rjfFgRXDXDwajSFHr4vT69q 0xd210DC1dd26751503CbF1B8c9154224707820da8 1581541130401 [95,-45,95,-44,95,-43,95,-42,96,-45,96,-44,96,-43,96,-42]
=> 393 of 401: #Fixed# QmTuo8mBhSY5N27btSjiS6W4FPYPkFdPu3yQGUBSQCEWCM 0xd210DC1dd26751503CbF1B8c9154224707820da8 1581541019575 [81,-67,81,-66,81,-65,81,-64,81,-63,82,-67,82,-66,82,-65,82,-64,82,-63,83,-67,83,-66,83,-65,83,-64,83,-63,84,-67,84,-66,84,-65,84,-64,84,-63,85,-67,85,-66,85,-65,85,-64,85,-63]
=> 394 of 401: #Fixed# QmVhnsEHSbq1E7T6ap8W1z9B3P2rpPy5D4TR1aU7wCzpB1 0xd210DC1dd26751503CbF1B8c9154224707820da8 1581540797252 [92,-44,92,-43,93,-44,93,-43]
=> 395 of 401: #Fixed# QmYYG6eVNEX8RMEQG7AMBjajFWS8JfXuW7pmzcqoejS1k3 0xDc13378daFca7Fe2306368A16BCFac38c80BfCAD 1581540749570 [-119,-106,-119,-105,-119,-104,-119,-103,-119,-102,-118,-106,-118,-105,-118,-104,-118,-103,-118,-102,-117,-106,-117,-105,-117,-104,-117,-103,-117,-102,-116,-106,-116,-105,-116,-104,-116,-103,-116,-102,-115,-106,-115,-105,-115,-104,-115,-103,-115,-102,-114,-106,-114,-105,-114,-104,-114,-103,-114,-102]
=> 396 of 401: #Fixed# QmYvk3M5gWD6QoQchFwncA983sxP7ao1vciQqFJvbbWHmU 0xe2b6024873d218B2E83B462D3658D8D7C3f55a18 1581540091192 [81,-30]
=> 397 of 401: #Fixed# QmYAcopFZNwJEtkbhhjusCRMchfwvX11TJu3uMLy5T7mWb 0xdc13378dafca7fe2306368a16bcfac38c80bfcad 1581533257853 [-94,-113]
=> 398 of 401: #Fixed# QmP87BCaBvrCceoBCWbmJDEw7RQd8m4ThgE9vNZ2enLwUi 0xe2b6024873d218b2e83b462d3658d8d7c3f55a18 1581528326577 [56,-52,57,-52,58,-52,56,-53,57,-53,58,-53,56,-54,57,-54,58,-54]
=> 399 of 401: #Fixed# QmXsck12tbUd72H61DAWd6TzuoynAgtqBNj47eQvdMvVYk 0xe2b6024873d218b2e83b462d3658d8d7c3f55a18 1581433466721 [70,-66,71,-66,70,-67,71,-67,70,-68,71,-68]
=> 400 of 401: #Fixed# QmUNpSvuqLVXfRgSsXXSKeRsixu8SnK7tmEimJo9ncQJTg 0xdc13378dafca7fe2306368a16bcfac38c80bfcad 1581369536248 [-113,-78,-113,-77,-113,-76,-113,-75,-113,-74,-112,-78,-112,-77,-112,-76,-112,-75,-112,-74,-111,-78,-111,-77,-111,-76,-111,-75,-111,-74,-110,-78,-110,-77,-110,-76,-110,-75,-110,-74,-109,-78,-109,-77,-109,-76,-109,-75,-109,-74,-108,-78,-108,-77,-108,-76,-108,-75,-108,-74,-107,-78,-107,-77,-107,-76,-107,-75,-107,-74]
=> 401 of 401: #Fixed# Qmb2AMzgmaCUjGsfBx782jcdmaiVUGzWspxwEBMP3sD3KM 0xdc13378dafca7fe2306368a16bcfac38c80bfcad 1581364276290 [-113,-78,-113,-77,-113,-76,-113,-75,-113,-74,-112,-78,-112,-77,-112,-76,-112,-75,-112,-74,-111,-78,-111,-77,-111,-76,-111,-75,-111,-74,-110,-78,-110,-77,-110,-76,-110,-75,-110,-74,-109,-78,-109,-77,-109,-76,-109,-75,-109,-74,-108,-78,-108,-77,-108,-76,-108,-75,-108,-74,-107,-78,-107,-77,-107,-76,-107,-75,-107,-74]
